		Temp	Hi	Low	Out	Dew	Wind	Wind	Wind	Hi	Hi	Wind	Heat	THW			Rain	Heat	Cool	In 	In	In 	In 	In 	In Air	Wind	Wind	ISS 	Arc.
Date	Time	Out	Temp	Temp	Hum	Pt.	Speed	Dir	Run	Speed	Dir	Chill	Index	Index	Bar  	Rain	Rate	D-D 	D-D 	Temp	Hum	Dew	Heat	EMC	Density	Samp	Tx 	Recept	Int.
01/09/26	1:00	25.8	26.2	25.6	100	25.8	0.4	NNW	1.61	1.8	NNW	25.8	29.8	29.8	1005.4	0.00	0.0	0.000	0.310	27.3	56	17.8	28.0	10.05	1.1426	1332	3	100.0	60
01/09/26	2:00	25.6	26.1	25.6	100	25.6	0.0	SSW	0.00	1.8	SSW	25.6	29.4	29.4	1004.7	0.20	0.0	0.000	0.303	27.5	54	17.4	28.1	9.75	1.1418	1325	3	100.0	60
01/09/26	3:00	25.4	25.7	25.3	100	25.4	0.4	N	1.61	1.3	NNW	25.4	28.9	28.9	1004.3	0.00	0.0	0.000	0.294	27.4	55	17.6	28.1	9.85	1.1413	1331	3	100.0	60
01/09/26	4:00	25.8	25.9	25.4	100	25.8	0.0	---	0.00	0.0	---	25.8	29.8	29.8	1003.8	0.00	0.0	0.000	0.310	27.4	57	18.2	28.2	10.18	1.1398	1327	3	100.0	60
01/09/26	5:00	26.1	26.1	25.6	100	26.1	0.0	NNW	0.00	0.9	NNW	26.1	30.5	30.5	1004.0	0.00	0.0	0.000	0.322	27.0	62	19.1	28.1	11.14	1.1402	1325	3	100.0	60
01/09/26	6:00	26.1	26.3	25.9	100	26.1	0.0	SSW	0.00	1.3	SSW	26.1	30.7	30.7	1004.3	0.00	0.0	0.000	0.324	26.9	64	19.5	28.1	11.54	1.1404	1325	3	100.0	60
01/09/26	7:00	26.2	26.2	26.1	100	26.2	0.0	SSW	0.00	0.9	SSW	26.2	30.8	30.8	1004.3	0.00	0.0	0.000	0.326	26.8	63	19.2	27.9	11.34	1.1411	1325	3	100.0	60
01/09/26	8:00	26.2	26.3	26.1	100	26.2	0.0	---	0.00	0.0	---	26.2	30.8	30.8	1004.6	0.00	0.0	0.000	0.326	26.9	64	19.5	28.1	11.54	1.1407	1327	3	100.0	60
01/09/26	9:00	26.8	26.8	26.2	100	26.8	0.0	---	0.00	0.0	---	26.8	32.6	32.6	1005.3	0.00	0.0	0.000	0.352	26.9	61	18.7	27.8	10.95	1.1427	1330	3	100.0	60
01/09/26	10:00	28.2	28.2	26.8	95	27.3	0.9	SSW	3.22	3.1	SW	28.2	35.8	35.8	1005.9	0.00	0.0	0.000	0.410	26.9	58	18.0	27.6	10.35	1.1445	1310	3	100.0	60
01/09/26	11:00	30.0	30.0	28.2	87	27.6	3.1	WSW	11.27	5.8	WSW	30.0	39.8	39.8	1006.2	0.00	0.0	0.000	0.486	27.2	57	17.9	27.8	10.17	1.1440	1270	3	97.5	60
01/09/26	12:00	30.8	30.8	30.0	82	27.3	4.5	WSW	16.09	8.0	WSW	30.5	40.8	40.6	1005.9	0.00	0.0	0.000	0.519	27.5	54	17.4	28.1	9.75	1.1432	1323	3	100.0	60
01/09/26	13:00	31.6	31.8	30.8	78	27.2	4.5	W	16.09	8.5	WSW	31.4	42.0	41.9	1005.3	0.00	0.0	0.000	0.551	27.6	53	17.1	28.1	9.62	1.1427	1324	3	100.0	60
01/09/26	14:00	31.4	31.7	31.4	76	26.7	4.5	WNW	16.09	8.5	W	31.3	40.9	40.7	1004.5	0.00	0.0	0.000	0.546	27.5	52	16.8	27.9	9.42	1.1424	1316	3	100.0	60
01/09/26	15:00	31.1	31.5	30.9	77	26.5	3.6	W	12.87	7.6	W	31.0	40.1	40.0	1003.9	0.00	0.0	0.000	0.530	27.4	56	17.8	28.1	10.05	1.1406	1319	3	100.0	60
01/09/26	16:00	31.8	31.8	30.8	76	27.1	3.6	W	12.87	5.8	WNW	31.8	42.2	42.2	1003.0	0.00	0.0	0.000	0.563	27.3	55	17.5	27.9	9.85	1.1402	1299	3	99.8	60
01/09/26	17:00	32.1	32.2	31.7	76	27.3	3.1	W	11.27	6.3	W	32.1	42.9	42.9	1002.1	0.00	0.0	0.000	0.572	27.4	52	16.7	27.8	9.42	1.1400	1315	3	100.0	60
01/09/26	18:00	32.0	32.2	31.9	76	27.2	3.6	W	12.87	7.2	WSW	32.0	42.7	42.7	1002.2	0.00	0.0	0.000	0.569	27.6	52	16.9	28.1	9.42	1.1393	1315	3	100.0	60
01/09/26	19:00	30.8	32.2	30.8	78	26.5	3.1	WSW	11.27	5.4	WSW	30.8	39.7	39.7	1003.0	0.00	0.0	0.000	0.521	27.8	48	15.8	28.0	8.81	1.1408	1328	3	100.0	60
01/09/26	20:00	29.7	30.8	29.7	82	26.3	1.8	WSW	6.44	4.0	WSW	29.7	37.5	37.5	1004.4	0.00	0.0	0.000	0.475	27.4	49	15.8	27.6	8.92	1.1438	1326	3	100.0	60
01/09/26	21:00	28.9	29.7	28.8	87	26.5	1.3	WSW	4.83	3.6	WSW	28.9	36.2	36.2	1005.0	0.00	0.0	0.000	0.440	27.4	51	16.4	27.7	9.32	1.1440	1311	3	100.0	60
01/09/26	22:00	27.8	28.8	27.8	91	26.2	1.3	SSW	4.83	8.0	NW	27.8	33.9	33.9	1006.5	0.00	0.0	0.000	0.396	27.5	51	16.5	27.8	9.32	1.1452	1322	3	100.0	60
01/09/26	23:00	24.1	27.8	24.1	98	23.8	4.5	WNW	16.09	12.1	WSW	23.0	26.2	25.1	1006.6	1.80	8.4	0.000	0.241	27.3	60	18.8	28.2	10.75	1.1427	1322	3	100.0	60
02/09/26	00:00	24.6	24.7	24.1	98	24.3	0.4	SE	1.61	3.6	W	24.6	27.1	27.1	1006.6	0.00	0.0	0.000	0.262	27.4	56	17.9	28.2	10.05	1.1435	1333	3	100.0	60
02/09/26	1:00	24.8	24.9	24.4	100	24.8	0.4	W	1.61	1.8	SSE	24.8	27.7	27.7	1005.9	0.00	0.0	0.000	0.271	27.4	55	17.6	28.1	9.85	1.1430	1330	3	100.0	60
02/09/26	2:00	25.2	25.2	24.8	98	24.8	0.4	W	1.61	1.8	SSW	25.2	28.2	28.2	1005.4	0.00	0.0	0.000	0.285	27.4	55	17.6	28.1	9.85	1.1424	1332	3	100.0	60
02/09/26	3:00	25.6	25.8	25.1	98	25.2	0.4	WSW	1.61	2.2	SW	25.6	29.1	29.1	1005.0	0.00	0.0	0.000	0.301	27.4	54	17.3	27.9	9.75	1.1428	1324	3	100.0	60
02/09/26	4:00	25.0	25.6	24.8	100	25.0	0.4	ESE	1.61	1.8	ESE	25.0	28.0	28.0	1004.8	0.00	0.0	0.000	0.278	27.4	57	18.2	28.2	10.18	1.1410	1324	3	100.0	60
02/09/26	5:00	25.1	25.2	24.9	100	25.1	0.0	---	0.00	0.0	---	25.1	28.1	28.1	1004.5	0.00	0.0	0.000	0.280	26.9	62	19.0	27.9	11.14	1.1412	1327	3	100.0	60
02/09/26	6:00	25.1	25.1	24.9	100	25.1	0.4	ESE	1.61	1.3	E	25.1	28.1	28.1	1004.9	0.00	0.0	0.000	0.280	26.8	64	19.4	27.9	11.55	1.1417	1330	3	100.0	60
02/09/26	7:00	24.9	25.3	24.9	100	24.9	0.0	---	0.00	0.0	---	24.9	27.8	27.8	1005.0	0.00	0.0	0.000	0.273	26.8	65	19.6	28.1	11.75	1.1414	1328	3	100.0	60
02/09/26	8:00	25.4	25.4	24.9	100	25.4	0.0	W	0.00	0.9	W	25.4	28.9	28.9	1005.2	0.00	0.0	0.000	0.294	26.7	63	19.1	27.7	11.35	1.1428	1315	3	100.0	60
02/09/26	9:00	27.6	27.6	25.4	95	26.7	0.9	SW	3.22	3.6	WSW	27.6	34.1	34.1	1005.5	0.00	0.0	0.000	0.387	26.9	61	18.8	27.8	10.95	1.1427	1323	3	100.0	60
02/09/26	10:00	29.1	29.1	27.6	91	27.5	2.7	WSW	9.66	4.9	W	29.1	37.9	37.9	1005.8	0.00	0.0	0.000	0.449	27.2	56	17.6	27.8	10.05	1.1440	1324	3	100.0	60
02/09/26	11:00	30.3	30.3	29.1	80	26.5	3.1	W	11.27	5.8	W	30.3	38.8	38.8	1006.0	0.00	0.0	0.000	0.500	27.4	55	17.5	28.0	9.85	1.1434	1324	3	100.0	60
02/09/26	12:00	30.7	30.7	30.3	79	26.6	3.1	W	11.27	5.8	SW	30.7	39.5	39.5	1005.6	0.00	0.0	0.000	0.514	27.5	52	16.8	27.9	9.42	1.1437	1324	3	100.0	60
02/09/26	13:00	31.6	31.6	30.7	76	26.8	4.0	W	14.48	6.7	W	31.5	41.3	41.2	1005.1	0.00	0.0	0.000	0.551	27.5	51	16.5	27.8	9.32	1.1435	1326	3	100.0	60
02/09/26	14:00	31.7	31.8	31.3	79	27.6	3.6	W	12.87	7.2	W	31.7	42.7	42.7	1004.2	0.00	0.0	0.000	0.556	27.6	54	17.4	28.1	9.75	1.1410	1326	3	100.0	60
02/09/26	15:00	31.4	31.8	31.3	79	27.4	4.0	W	14.48	7.2	W	31.3	42.0	41.9	1003.2	0.00	0.0	0.000	0.546	27.5	50	16.1	27.7	9.12	1.1418	1320	3	100.0	60
02/09/26	16:00	32.2	32.2	31.4	75	27.2	3.1	WNW	11.27	6.7	W	32.2	42.8	42.8	1002.5	0.00	0.0	0.000	0.576	27.4	55	17.6	28.1	9.85	1.1391	1318	3	100.0	60
02/09/26	17:00	31.6	32.2	31.5	77	27.1	4.0	WNW	14.48	7.2	W	31.6	41.8	41.7	1002.1	0.00	0.0	0.000	0.553	27.4	51	16.4	27.7	9.32	1.1407	1303	3	100.0	60
02/09/26	18:00	31.3	31.8	31.2	78	27.0	3.1	WNW	11.27	5.8	W	31.3	41.1	41.1	1002.0	0.00	0.0	0.000	0.539	27.8	49	16.1	28.1	8.91	1.1391	1317	3	100.0	60
02/09/26	19:00	30.8	31.3	30.8	80	26.9	1.8	W	6.44	4.0	W	30.8	40.2	40.2	1002.4	0.00	0.0	0.000	0.519	27.8	49	16.1	28.1	8.91	1.1396	1327	3	100.0	60
02/09/26	20:00	29.8	30.8	29.8	82	26.4	1.3	W	4.83	4.0	WSW	29.8	37.8	37.8	1002.6	0.00	0.0	0.000	0.479	27.4	54	17.3	28.0	9.75	1.1397	1329	3	100.0	60
02/09/26	21:00	29.6	30.0	29.5	87	27.2	0.0	W	0.00	0.9	W	29.6	38.3	38.3	1003.4	0.00	0.0	0.000	0.468	27.3	50	16.0	27.6	9.13	1.1428	1319	3	100.0	60
02/09/26	22:00	28.8	29.6	28.1	88	26.6	1.3	WSW	4.83	3.6	WSW	28.8	36.3	36.3	1004.5	0.00	0.0	0.000	0.438	27.4	50	16.0	27.6	9.12	1.1438	1312	3	100.0	60
02/09/26	23:00	28.2	28.8	28.2	91	26.6	1.3	SW	4.83	3.1	SW	28.2	34.9	34.9	1005.5	0.00	0.0	0.000	0.410	27.3	51	16.3	27.6	9.33	1.1451	1328	3	100.0	60
03/09/26	00:00	27.7	28.2	27.7	94	26.6	0.0	SW	0.00	1.3	SW	27.7	34.0	34.0	1005.3	0.00	0.0	0.000	0.389	27.3	52	16.6	27.7	9.43	1.1442	1327	3	100.0	60
03/09/26	1:00	27.3	27.7	27.0	98	26.9	0.4	NNW	1.61	1.3	NNW	27.3	33.7	33.7	1005.2	0.00	0.0	0.000	0.373	27.3	51	16.3	27.6	9.33	1.1447	1321	3	100.0	60
03/09/26	2:00	27.4	27.7	27.3	98	27.0	0.4	SW	1.61	1.3	SW	27.4	34.0	34.0	1004.5	0.00	0.0	0.000	0.377	27.4	51	16.4	27.7	9.32	1.1435	1325	3	100.0	60
03/09/26	3:00	27.1	27.4	27.0	97	26.5	0.4	W	1.61	1.3	NW	27.1	32.8	32.8	1004.2	0.00	0.0	0.000	0.363	27.3	53	16.9	27.8	9.63	1.1425	1320	3	100.0	60
03/09/26	4:00	27.2	27.3	26.9	97	26.6	0.4	W	1.61	1.3	WNW	27.2	33.2	33.2	1004.0	0.00	0.0	0.000	0.368	27.4	54	17.3	27.9	9.75	1.1416	1316	3	100.0	60
03/09/26	5:00	27.2	27.3	27.2	96	26.5	0.0	SE	0.00	0.4	SE	27.2	33.1	33.1	1003.8	0.00	0.0	0.000	0.370	27.3	59	18.6	28.2	10.55	1.1399	1318	3	100.0	60
03/09/26	6:00	26.8	27.3	26.8	97	26.3	0.0	SE	0.00	0.4	SE	26.8	32.2	32.2	1003.9	0.00	0.0	0.000	0.354	26.8	62	18.9	27.8	11.14	1.1411	1324	3	100.0	60
03/09/26	7:00	26.7	26.9	26.4	97	26.2	0.4	W	1.61	1.3	W	26.7	31.9	31.9	1003.8	0.00	0.0	0.000	0.350	26.8	62	18.9	27.7	11.15	1.1412	1316	3	100.0	60
03/09/26	8:00	27.4	27.4	26.7	95	26.5	0.0	WSW	0.00	2.7	W	27.4	33.4	33.4	1004.3	0.00	0.0	0.000	0.377	26.8	61	18.7	27.7	10.95	1.1419	1324	3	100.0	60
03/09/26	9:00	28.9	28.9	27.3	87	26.6	2.2	W	8.05	6.3	W	28.9	36.4	36.4	1005.2	0.00	0.0	0.000	0.442	27.1	59	18.4	27.8	10.55	1.1426	1322	3	100.0	60
03/09/26	10:00	30.1	30.1	28.9	83	26.8	4.5	W	16.09	8.0	WSW	29.6	38.8	38.3	1005.4	0.00	0.0	0.000	0.488	27.3	55	17.5	27.9	9.85	1.1431	1321	3	100.0	60
03/09/26	11:00	30.3	30.4	30.1	81	26.7	4.0	W	14.48	7.2	W	30.1	38.9	38.7	1005.3	0.00	0.0	0.000	0.498	27.4	55	17.6	28.1	9.85	1.1424	1329	3	100.0	60
03/09/26	12:00	31.2	31.3	30.3	79	27.1	4.0	W	14.48	7.6	W	31.1	41.3	41.1	1005.0	0.00	0.0	0.000	0.537	27.4	53	17.0	27.9	9.62	1.1429	1323	3	100.0	60
03/09/26	13:00	31.8	31.8	31.2	75	26.8	4.5	W	16.09	8.0	W	31.8	41.8	41.7	1004.2	0.00	0.0	0.000	0.563	27.7	52	16.9	28.1	9.41	1.1412	1315	3	100.0	60
03/09/26	14:00	32.3	32.4	31.8	75	27.3	4.0	W	14.48	11.6	W	32.3	43.2	43.2	1003.2	0.00	0.0	0.000	0.581	27.4	53	17.0	27.8	9.62	1.1410	1325	3	100.0	60
03/09/26	15:00	32.7	32.9	31.9	71	26.7	4.0	WNW	14.48	11.6	W	32.7	42.8	42.8	1002.2	0.00	0.0	0.000	0.597	27.6	52	16.9	28.1	9.42	1.1393	1328	3	100.0	60
03/09/26	16:00	32.6	33.1	32.6	73	27.1	4.5	WNW	16.09	8.5	W	32.6	43.5	43.5	1001.4	0.00	0.0	0.000	0.595	27.6	51	16.5	27.9	9.32	1.1389	1329	3	100.0	60
03/09/26	17:00	32.3	32.8	32.2	74	27.0	3.6	WNW	12.87	6.7	WNW	32.3	42.8	42.8	1000.7	0.00	0.0	0.000	0.581	27.3	52	16.6	27.7	9.43	1.1389	1315	3	100.0	60
03/09/26	18:00	32.3	32.4	32.2	74	27.0	4.0	WSW	14.48	7.6	WSW	32.3	42.8	42.8	1000.5	0.00	0.0	0.000	0.581	27.9	50	16.5	28.2	9.11	1.1367	1323	3	100.0	60
03/09/26	19:00	31.5	32.3	31.5	75	26.5	3.6	W	12.87	5.8	WSW	31.5	40.7	40.7	1001.0	0.00	0.0	0.000	0.549	28.2	49	16.5	28.6	8.89	1.1361	1331	3	100.0	60
03/09/26	20:00	30.3	31.5	30.3	82	26.9	3.1	WSW	11.27	5.8	W	30.3	39.4	39.4	1001.8	0.00	0.0	0.000	0.500	27.8	49	16.1	28.1	8.91	1.1389	1325	3	100.0	60
03/09/26	21:00	29.1	30.4	29.1	89	27.1	3.1	SW	11.27	7.6	SW	29.1	37.2	37.2	1002.6	0.00	0.0	0.000	0.447	27.6	51	16.5	27.9	9.32	1.1404	1313	3	100.0	60
03/09/26	22:00	28.5	29.1	28.4	91	26.9	1.3	SW	4.83	3.6	WSW	28.5	35.9	35.9	1003.4	0.00	0.0	0.000	0.424	27.5	52	16.8	27.9	9.42	1.1411	1331	3	100.0	60
03/09/26	23:00	28.3	28.6	28.2	92	26.9	1.3	SW	4.83	3.1	WSW	28.3	35.4	35.4	1004.6	0.00	0.0	0.000	0.414	27.6	51	16.5	27.9	9.32	1.1427	1325	3	100.0	60
04/09/26	00:00	27.6	28.3	27.6	91	26.0	2.2	W	8.05	8.5	NW	27.6	33.2	33.2	1005.4	0.00	0.0	0.000	0.387	27.5	52	16.8	27.9	9.42	1.1435	1332	3	100.0	60
04/09/26	1:00	25.6	27.6	25.6	99	25.4	1.8	WNW	6.44	7.6	WNW	25.6	29.3	29.3	1004.2	1.20	15.6	0.000	0.303	27.4	57	18.1	28.2	10.18	1.1406	1327	3	100.0	60
04/09/26	2:00	25.6	25.8	25.4	99	25.4	0.4	SW	1.61	2.2	SSW	25.6	29.3	29.3	1003.6	0.00	0.0	0.000	0.303	27.4	55	17.6	28.1	9.85	1.1404	1330	3	100.0	60
04/09/26	3:00	25.8	25.8	25.5	99	25.7	0.9	SE	3.22	2.2	SE	25.8	29.8	29.8	1003.2	0.00	0.0	0.000	0.313	27.4	54	17.3	28.0	9.75	1.1404	1328	3	100.0	60
04/09/26	4:00	25.8	25.9	25.7	99	25.6	0.9	SSW	3.22	2.2	SSW	25.8	29.7	29.7	1002.7	0.00	0.0	0.000	0.310	27.4	54	17.3	28.0	9.75	1.1398	1321	3	100.0	60
04/09/26	5:00	26.0	26.2	25.8	99	25.8	0.4	SW	1.61	1.8	SSW	26.0	30.2	30.2	1002.6	0.00	0.0	0.000	0.319	27.4	54	17.3	28.0	9.75	1.1397	1332	3	100.0	60
04/09/26	6:00	26.0	26.1	25.9	100	26.0	0.4	S	1.61	2.2	S	26.0	30.4	30.4	1003.3	0.00	0.0	0.000	0.319	26.9	62	19.0	27.9	11.14	1.1397	1332	3	100.0	60
04/09/26	7:00	26.2	26.2	26.0	99	26.0	0.4	SW	1.61	1.8	WSW	26.2	30.7	30.7	1003.6	0.00	0.0	0.000	0.326	26.8	63	19.2	27.9	11.34	1.1403	1331	3	100.0	60
04/09/26	8:00	26.9	26.9	26.2	98	26.6	0.0	SW	0.00	1.3	SW	26.9	32.7	32.7	1004.4	0.00	0.0	0.000	0.359	26.9	62	19.0	27.9	11.14	1.1414	1329	3	100.0	60
04/09/26	9:00	27.7	27.7	26.9	96	27.0	0.0	SE	0.00	1.3	SE	27.7	34.6	34.6	1005.2	0.00	0.0	0.000	0.391	26.9	59	18.2	27.6	10.55	1.1434	1323	3	100.0	60
04/09/26	10:00	29.6	29.7	27.7	86	27.0	2.2	W	8.05	5.4	WSW	29.6	38.3	38.3	1005.6	0.00	0.0	0.000	0.470	27.2	59	18.5	28.1	10.55	1.1422	1317	3	100.0	60
04/09/26	11:00	30.8	30.8	29.6	80	26.9	2.2	W	8.05	5.4	WSW	30.8	40.2	40.2	1005.3	0.00	0.0	0.000	0.519	27.3	54	17.2	27.8	9.75	1.1434	1320	3	100.0	60
04/09/26	12:00	32.1	32.1	30.8	78	27.7	3.1	WNW	11.27	6.7	NW	32.1	43.7	43.7	1005.0	0.00	0.0	0.000	0.572	27.5	51	16.5	27.8	9.32	1.1434	1330	3	100.0	60
04/09/26	13:00	32.5	32.6	31.8	72	26.8	4.5	NW	16.09	7.6	W	32.5	42.7	42.7	1004.4	0.00	0.0	0.000	0.590	27.6	52	16.8	28.0	9.42	1.1421	1330	3	100.0	60
04/09/26	14:00	32.8	33.0	32.4	72	27.1	4.5	NW	16.09	8.5	NW	32.8	43.8	43.8	1003.5	0.00	0.0	0.000	0.604	27.6	51	16.6	27.9	9.32	1.1411	1320	3	100.0	60
04/09/26	15:00	33.0	33.1	32.7	71	27.0	4.9	WNW	17.70	8.0	NW	33.0	43.9	43.9	1002.5	0.00	0.0	0.000	0.611	27.6	51	16.6	27.9	9.32	1.1400	1321	3	100.0	60
04/09/26	16:00	32.7	33.1	32.6	72	27.0	4.0	W	14.48	7.2	WNW	32.7	43.4	43.4	1001.6	0.00	0.0	0.000	0.600	27.4	51	16.4	27.8	9.32	1.1398	1313	3	100.0	60
04/09/26	17:00	33.2	33.3	32.7	71	27.2	3.6	WNW	12.87	6.3	W	33.2	44.4	44.4	1001.3	0.00	0.0	0.000	0.618	27.4	52	16.7	27.8	9.42	1.1390	1330	3	100.0	60
04/09/26	18:00	32.6	33.2	32.5	74	27.3	2.7	NW	9.66	5.8	NNW	32.6	43.7	43.7	1001.7	0.00	0.0	0.000	0.593	27.7	51	16.6	28.1	9.31	1.1388	1318	3	100.0	60
04/09/26	19:00	31.5	32.6	31.4	78	27.2	1.8	WSW	6.44	3.6	WSW	31.5	41.8	41.8	1002.5	0.00	0.0	0.000	0.549	27.8	49	16.1	28.0	8.91	1.1401	1323	3	100.0	60
04/09/26	20:00	30.8	31.5	30.7	79	26.8	1.3	WSW	4.83	4.0	WSW	30.8	40.0	40.0	1003.3	0.00	0.0	0.000	0.521	27.5	48	15.5	27.6	8.82	1.1427	1316	3	100.0	60
04/09/26	21:00	29.8	30.9	29.8	86	27.2	0.9	SSE	3.22	2.7	W	29.8	38.8	38.8	1004.3	0.00	0.0	0.000	0.477	27.4	50	16.1	27.7	9.12	1.1434	1330	3	100.0	60
04/09/26	22:00	29.0	29.8	29.0	89	27.0	0.9	S	3.22	2.2	S	29.0	37.1	37.1	1004.9	0.00	0.0	0.000	0.444	27.4	50	16.1	27.7	9.12	1.1441	1319	3	100.0	60
04/09/26	23:00	28.7	29.0	28.6	91	27.1	0.4	SSW	1.61	2.2	SSW	28.7	36.6	36.6	1005.2	0.00	0.0	0.000	0.433	27.4	50	16.1	27.7	9.12	1.1444	1317	3	100.0	60
05/09/26	00:00	28.2	28.8	28.1	94	27.1	0.0	SSW	0.00	0.9	SSW	28.2	35.6	35.6	1004.9	0.00	0.0	0.000	0.410	27.4	51	16.4	27.7	9.32	1.1439	1311	3	100.0	60
05/09/26	1:00	27.2	28.2	27.2	95	26.4	0.4	NNW	1.61	1.8	NW	27.2	32.9	32.9	1004.5	0.00	0.0	0.000	0.370	27.3	52	16.6	27.7	9.43	1.1433	1316	3	100.0	60
05/09/26	2:00	27.4	27.6	26.8	96	26.7	0.4	NNW	1.61	2.2	NNW	27.4	33.8	33.8	1004.3	0.00	0.0	0.000	0.380	27.4	51	16.4	27.7	9.32	1.1432	1317	3	100.0	60
05/09/26	3:00	26.9	27.4	26.7	99	26.7	0.0	NNW	0.00	1.3	NNW	26.9	32.7	32.7	1004.0	0.00	0.0	0.000	0.356	27.2	53	16.8	27.6	9.63	1.1428	1322	3	100.0	60
05/09/26	4:00	26.9	27.1	26.7	98	26.5	0.0	---	0.00	0.0	---	26.9	32.5	32.5	1003.5	0.00	0.0	0.000	0.356	27.2	52	16.5	27.6	9.43	1.1426	1325	3	100.0	60
05/09/26	5:00	26.7	26.9	26.3	99	26.5	0.0	---	0.00	0.0	---	26.7	32.1	32.1	1003.3	0.00	0.0	0.000	0.347	27.2	52	16.5	27.6	9.43	1.1425	1326	3	100.0	60
05/09/26	6:00	27.1	27.2	26.6	99	26.9	0.0	W	0.00	1.3	WNW	27.1	33.3	33.3	1003.9	0.00	0.0	0.000	0.366	27.1	60	18.6	27.9	10.75	1.1407	1324	3	100.0	60
05/09/26	7:00	27.3	27.4	27.1	97	26.8	0.9	SW	3.22	2.7	W	27.3	33.7	33.7	1004.3	0.00	0.0	0.000	0.375	26.8	61	18.7	27.7	10.95	1.1419	1320	3	100.0	60
05/09/26	8:00	27.6	27.6	27.3	97	27.1	0.9	SW	3.22	1.8	W	27.6	34.5	34.5	1004.9	0.00	0.0	0.000	0.387	26.9	61	18.7	27.8	10.95	1.1424	1331	3	100.0	60
05/09/26	9:00	28.6	28.6	27.6	91	26.9	1.3	WSW	4.83	3.1	WSW	28.6	36.1	36.1	1005.9	0.00	0.0	0.000	0.426	27.1	59	18.4	27.8	10.55	1.1434	1313	3	100.0	60
05/09/26	10:00	30.2	30.2	28.6	85	27.4	2.7	WSW	9.66	5.4	SW	30.2	40.0	40.0	1006.0	0.00	0.0	0.000	0.495	27.4	60	18.9	28.4	10.75	1.1414	1322	3	100.0	60
05/09/26	11:00	31.2	31.2	30.1	79	27.1	3.1	W	11.27	5.8	WNW	31.2	41.1	41.1	1006.0	0.00	0.0	0.000	0.535	27.5	51	16.5	27.8	9.32	1.1446	1326	3	100.0	60
05/09/26	12:00	32.3	32.6	31.2	72	26.6	4.5	WNW	16.09	8.5	NNW	32.3	42.2	42.2	1005.7	0.00	0.0	0.000	0.583	27.4	52	16.7	27.8	9.42	1.1441	1332	3	100.0	60
05/09/26	13:00	32.6	32.6	32.3	73	27.1	4.5	NW	16.09	9.4	NNW	32.6	43.3	43.3	1005.1	0.00	0.0	0.000	0.593	27.4	57	18.1	28.2	10.18	1.1416	1322	3	100.0	60
05/09/26	14:00	32.6	33.3	32.4	73	27.1	4.9	WNW	17.70	8.9	WNW	32.6	43.5	43.5	1003.8	0.00	0.0	0.000	0.595	27.5	52	16.8	27.9	9.42	1.1417	1323	3	100.0	60
05/09/26	15:00	32.4	32.8	32.1	74	27.2	4.5	WNW	16.09	8.9	WSW	32.4	43.2	43.2	1002.5	0.00	0.0	0.000	0.586	27.5	51	16.5	27.8	9.32	1.1405	1327	3	100.0	60
05/09/26	16:00	32.6	33.1	32.3	73	27.1	4.0	WNW	14.48	7.6	W	32.6	43.5	43.5	1001.9	0.00	0.0	0.000	0.595	27.4	53	17.0	27.8	9.62	1.1396	1313	3	100.0	60
05/09/26	17:00	33.1	33.1	32.6	70	26.8	3.6	WNW	12.87	7.2	WNW	33.1	43.7	43.7	1001.4	0.00	0.0	0.000	0.613	27.4	51	16.4	27.8	9.32	1.1395	1319	3	100.0	60
05/09/26	18:00	32.4	33.3	32.4	75	27.4	2.7	W	9.66	5.4	WSW	32.4	43.8	43.8	1001.5	0.00	0.0	0.000	0.588	27.2	52	16.5	27.6	9.43	1.1404	1320	3	100.0	60
05/09/26	19:00	31.7	32.4	31.7	76	26.9	2.7	WSW	9.66	5.4	WSW	31.7	41.6	41.6	1002.5	0.00	0.0	0.000	0.556	27.5	50	16.1	27.7	9.12	1.1410	1313	3	100.0	60
05/09/26	20:00	30.8	31.7	30.8	77	26.3	1.3	WSW	4.83	4.0	WSW	30.8	39.4	39.4	1003.2	0.00	0.0	0.000	0.521	27.3	51	16.3	27.6	9.33	1.1421	1320	3	100.0	60
05/09/26	21:00	29.3	30.9	29.3	85	26.5	1.8	SSW	6.44	4.9	WSW	29.3	37.1	37.1	1003.8	0.00	0.0	0.000	0.458	27.5	48	15.5	27.6	8.82	1.1433	1332	3	100.0	60
05/09/26	22:00	28.4	29.4	28.3	89	26.5	1.3	SSW	4.83	3.6	SSW	28.4	35.3	35.3	1004.5	0.00	0.0	0.000	0.421	27.4	50	16.0	27.6	9.12	1.1439	1325	3	100.0	60
05/09/26	23:00	28.7	28.7	28.4	90	26.9	0.0	S	0.00	1.3	SW	28.7	36.2	36.2	1005.4	0.00	0.0	0.000	0.431	27.4	50	16.0	27.6	9.12	1.1448	1328	3	100.0	60
06/09/26	00:00	28.3	28.7	28.2	94	27.2	0.9	SSW	3.22	2.7	SSW	28.3	35.9	35.9	1005.7	0.00	0.0	0.000	0.414	27.5	52	16.8	27.9	9.42	1.1439	1326	3	100.0	60
06/09/26	1:00	28.3	28.5	28.2	95	27.5	0.4	SSW	1.61	1.8	SSW	28.3	36.3	36.3	1005.2	0.00	0.0	0.000	0.417	27.4	52	16.7	27.8	9.42	1.1435	1334	3	100.0	60
06/09/26	2:00	28.1	28.3	28.1	96	27.4	0.4	S	1.61	1.3	S	28.1	35.8	35.8	1004.3	0.00	0.0	0.000	0.407	27.4	52	16.7	27.8	9.42	1.1425	1332	3	100.0	60
06/09/26	3:00	27.9	28.1	27.9	97	27.4	0.0	S	0.00	0.4	S	27.9	35.6	35.6	1003.7	0.00	0.0	0.000	0.400	27.3	50	15.9	27.4	9.13	1.1435	1323	3	100.0	60
06/09/26	4:00	26.9	28.0	26.9	97	26.4	0.4	ESE	1.61	1.8	ESE	26.9	32.5	32.5	1003.3	0.00	0.0	0.000	0.359	27.3	50	16.0	27.6	9.13	1.1427	1327	3	100.0	60
06/09/26	5:00	26.4	26.9	26.3	97	25.9	0.4	ESE	1.61	1.8	ESE	26.4	31.1	31.1	1003.3	0.00	0.0	0.000	0.338	27.5	54	17.4	28.1	9.75	1.1402	1328	3	100.0	60
06/09/26	6:00	26.6	26.7	26.4	98	26.2	0.0	SW	0.00	1.3	WSW	26.6	31.6	31.6	1003.8	0.00	0.0	0.000	0.343	27.4	54	17.3	28.0	9.75	1.1411	1326	3	100.0	60
06/09/26	7:00	26.7	26.7	26.3	98	26.3	0.0	WSW	0.00	1.3	WSW	26.7	31.9	31.9	1004.3	0.00	0.0	0.000	0.347	26.9	61	18.7	27.8	10.95	1.1416	1333	3	100.0	60
06/09/26	8:00	27.4	27.4	26.7	97	26.9	0.0	WSW	0.00	0.9	WSW	27.4	34.0	34.0	1004.6	0.00	0.0	0.000	0.380	26.9	62	19.0	27.9	11.14	1.1415	1334	3	100.0	60
06/09/26	9:00	28.9	28.9	27.4	92	27.5	0.9	SSW	3.22	3.1	WSW	28.9	37.4	37.4	1005.5	0.00	0.0	0.000	0.440	26.8	58	17.8	27.4	10.35	1.1448	1319	3	100.0	60
06/09/26	10:00	29.9	30.0	28.9	85	27.1	3.1	WSW	11.27	5.4	W	29.9	38.9	38.9	1006.1	0.00	0.0	0.000	0.481	26.9	58	18.0	27.6	10.35	1.1447	1317	3	100.0	60
06/09/26	11:00	31.0	31.3	29.8	79	26.9	3.1	W	11.27	5.8	W	31.0	40.6	40.6	1006.1	0.00	0.0	0.000	0.528	27.3	55	17.4	27.8	9.85	1.1441	1331	3	100.0	60
06/09/26	12:00	32.0	32.0	30.9	79	27.9	2.7	WSW	9.66	6.7	WSW	32.0	43.9	43.9	1005.5	0.00	0.0	0.000	0.569	27.4	52	16.7	27.8	9.42	1.1438	1320	3	100.0	60
06/09/26	13:00	32.9	32.9	32.1	73	27.4	3.1	WNW	11.27	6.3	WNW	32.9	44.4	44.4	1004.6	0.00	0.0	0.000	0.606	27.5	51	16.5	27.8	9.32	1.1430	1328	3	100.0	60
06/09/26	14:00	33.1	33.7	32.8	70	26.9	3.6	WNW	12.87	7.6	W	33.1	43.8	43.8	1003.3	0.00	0.0	0.000	0.616	27.6	51	16.5	27.9	9.32	1.1411	1332	3	100.0	60
06/09/26	15:00	30.8	33.1	30.5	84	27.8	2.7	SSE	9.66	6.7	SW	30.8	41.6	41.6	1002.4	0.00	0.0	0.000	0.519	27.2	59	18.5	28.1	10.55	1.1385	1322	3	100.0	60
06/09/26	16:00	29.4	30.8	29.4	88	27.2	2.7	SE	9.66	5.8	SSE	29.4	38.2	38.2	1002.2	0.00	0.0	0.000	0.463	27.0	53	16.6	27.3	9.64	1.1419	1332	3	100.0	60
06/09/26	17:00	29.2	29.8	29.1	89	27.2	2.2	SSE	8.05	4.5	S	29.2	37.6	37.6	1001.7	0.00	0.0	0.000	0.451	27.1	55	17.3	27.6	9.85	1.1399	1329	3	100.0	60
06/09/26	18:00	29.7	29.8	29.2	87	27.3	2.2	S	8.05	5.4	SSW	29.7	38.9	38.9	1002.2	0.00	0.0	0.000	0.475	27.3	57	18.0	28.0	10.17	1.1388	1336	3	100.0	60
06/09/26	19:00	29.7	29.9	29.7	87	27.3	2.7	SSW	9.66	4.9	SSW	29.7	38.9	38.9	1003.4	0.00	0.0	0.000	0.475	27.4	50	16.1	27.7	9.12	1.1423	1327	3	100.0	60
06/09/26	20:00	29.5	29.8	29.4	87	27.1	1.8	SW	6.44	4.0	SW	29.5	38.2	38.2	1004.4	0.00	0.0	0.000	0.465	27.4	51	16.4	27.8	9.32	1.1430	1328	3	100.0	60
06/09/26	21:00	29.0	29.5	29.0	90	27.2	2.2	WSW	8.05	4.9	WSW	29.0	37.3	37.3	1005.3	0.00	0.0	0.000	0.444	27.4	51	16.4	27.8	9.32	1.1441	1331	3	100.0	60
06/09/26	22:00	28.4	29.1	28.4	91	26.8	2.2	WSW	8.05	5.4	WSW	28.4	35.7	35.7	1005.7	0.00	0.0	0.000	0.421	27.4	51	16.4	27.8	9.32	1.1445	1328	3	100.0	60
06/09/26	23:00	28.3	28.5	28.3	93	27.0	1.3	WSW	4.83	3.6	WSW	28.3	35.7	35.7	1006.2	0.00	0.0	0.000	0.414	27.5	52	16.8	27.9	9.42	1.1444	1321	3	100.0	60
07/09/26	00:00	28.1	28.3	28.1	95	27.2	0.4	W	1.61	1.3	WNW	28.1	35.6	35.6	1006.0	0.00	0.0	0.000	0.407	27.5	52	16.8	27.9	9.42	1.1441	1327	3	100.0	60
07/09/26	1:00	28.4	28.4	27.9	93	27.2	0.4	WNW	1.61	1.3	NW	28.4	36.2	36.2	1005.5	0.00	0.0	0.000	0.421	27.6	51	16.5	27.9	9.32	1.1437	1328	3	100.0	60
07/09/26	2:00	27.9	28.4	27.9	94	26.8	0.4	WNW	1.61	2.7	WNW	27.9	34.7	34.7	1005.6	0.00	0.0	0.000	0.398	27.5	51	16.5	27.8	9.32	1.1441	1329	3	100.0	60
07/09/26	3:00	27.9	28.0	27.8	93	26.7	1.8	W	6.44	4.5	W	27.9	34.7	34.7	1005.2	0.00	0.0	0.000	0.400	27.4	52	16.7	27.8	9.42	1.1438	1330	3	100.0	60
07/09/26	4:00	27.8	28.1	27.8	92	26.4	2.7	W	9.66	5.4	W	27.8	33.9	33.9	1004.7	0.00	0.0	0.000	0.394	27.4	52	16.7	27.8	9.42	1.1433	1329	3	100.0	60
07/09/26	5:00	27.3	27.8	27.3	94	26.3	1.3	WNW	4.83	4.0	W	27.3	33.1	33.1	1004.0	0.00	0.0	0.000	0.375	27.5	53	17.1	28.0	9.62	1.1414	1324	3	100.0	60
07/09/26	6:00	26.6	27.3	26.4	97	26.1	0.4	S	1.61	2.2	SSW	26.6	31.6	31.6	1003.6	0.00	0.0	0.000	0.345	27.6	53	17.2	28.1	9.62	1.1404	1327	3	100.0	60
07/09/26	7:00	26.7	27.0	26.6	97	26.2	0.0	SE	0.00	1.3	ESE	26.7	31.9	31.9	1004.1	0.00	0.0	0.000	0.350	27.2	61	19.0	28.3	10.95	1.1397	1323	3	100.0	60
07/09/26	8:00	26.7	26.8	26.5	97	26.2	0.4	SSW	1.61	1.8	S	26.7	31.9	31.9	1005.0	0.00	0.0	0.000	0.350	27.1	61	18.9	28.1	10.95	1.1412	1328	3	100.0	60
07/09/26	9:00	27.5	27.5	26.7	93	26.3	0.9	SSW	3.22	2.7	SSW	27.5	33.3	33.3	1005.7	0.00	0.0	0.000	0.382	27.2	59	18.5	28.1	10.55	1.1423	1334	3	100.0	60
07/09/26	10:00	28.7	28.8	27.5	89	26.7	0.9	SSW	3.22	3.1	SSW	28.7	36.2	36.2	1005.9	0.00	0.0	0.000	0.433	27.3	57	18.1	28.1	10.17	1.1428	1326	3	100.0	60
07/09/26	11:00	29.9	29.9	28.7	82	26.5	2.7	WSW	9.66	5.4	WSW	29.9	38.0	38.0	1006.0	0.00	0.0	0.000	0.481	27.3	59	18.6	28.3	10.55	1.1421	1323	3	100.0	60
07/09/26	12:00	30.5	30.5	29.8	78	26.2	2.7	WSW	9.66	4.9	WSW	30.5	38.7	38.7	1005.2	0.00	0.0	0.000	0.507	27.3	57	18.0	28.0	10.17	1.1423	1336	3	100.0	60
07/09/26	13:00	32.2	32.3	30.5	76	27.4	1.8	S	6.44	4.5	SSE	32.2	43.2	43.2	1004.3	0.00	0.0	0.000	0.576	27.2	49	15.5	27.2	8.93	1.1452	1332	3	100.0	60
07/09/26	14:00	32.9	32.9	32.1	70	26.7	2.2	SW	8.05	6.3	SW	32.9	43.1	43.1	1003.4	0.00	0.0	0.000	0.606	27.3	58	18.3	28.2	10.35	1.1395	1333	3	100.0	60
07/09/26	15:00	31.7	33.1	31.7	79	27.6	2.7	SSE	9.66	6.7	SSE	31.7	42.7	42.7	1002.5	0.00	0.0	0.000	0.556	27.1	49	15.5	27.2	8.93	1.1433	1329	3	100.0	60
07/09/26	16:00	33.0	33.0	31.2	74	27.7	3.1	SSE	11.27	9.4	S	33.0	45.2	45.2	1002.0	0.00	0.0	0.000	0.611	27.2	56	17.7	27.8	10.05	1.1393	1328	3	100.0	60
07/09/26	17:00	33.1	33.2	32.6	72	27.3	2.7	S	9.66	6.7	SSW	33.1	44.6	44.6	1001.4	0.00	0.0	0.000	0.613	27.1	52	16.4	27.4	9.43	1.1409	1332	3	100.0	60
07/09/26	18:00	31.4	33.1	31.4	77	26.9	2.7	WSW	9.66	5.8	S	31.4	41.1	41.1	1001.4	0.00	0.0	0.000	0.544	27.2	54	17.1	27.7	9.75	1.1395	1327	3	100.0	60
07/09/26	19:00	30.4	31.8	30.4	78	26.2	3.1	SSW	11.27	6.7	S	30.4	38.5	38.5	1002.5	0.00	0.0	0.000	0.505	27.7	50	16.3	27.9	9.11	1.1401	1297	3	99.6	60
07/09/26	20:00	29.3	30.4	29.3	81	25.7	1.8	S	6.44	4.0	S	29.3	35.9	35.9	1003.1	0.00	0.0	0.000	0.456	27.4	52	16.7	27.8	9.42	1.1414	1333	3	100.0	60
07/09/26	21:00	28.6	29.3	28.6	85	25.8	1.3	S	4.83	4.0	S	28.6	34.9	34.9	1004.2	0.00	0.0	0.000	0.428	27.6	52	16.8	28.0	9.42	1.1418	1333	3	100.0	60
07/09/26	22:00	28.3	28.7	28.3	90	26.5	1.8	SSW	6.44	4.0	SSW	28.3	34.9	34.9	1005.3	0.00	0.0	0.000	0.414	27.5	52	16.8	27.9	9.42	1.1433	1330	3	100.0	60
07/09/26	23:00	28.1	28.3	28.1	94	27.1	1.3	SSW	4.83	3.1	SSW	28.1	35.4	35.4	1005.5	0.00	0.0	0.000	0.407	27.5	51	16.5	27.8	9.32	1.1440	1331	3	100.0	60
08/09/26	00:00	28.2	28.2	28.1	96	27.5	1.3	SSW	4.83	4.5	S	28.2	36.2	36.2	1005.2	0.00	0.0	0.000	0.412	27.6	52	16.8	28.0	9.42	1.1430	1330	3	100.0	60
08/09/26	1:00	28.2	28.3	28.2	96	27.5	1.8	SSW	6.44	4.0	S	28.2	36.2	36.2	1004.6	0.00	0.0	0.000	0.412	27.4	53	17.0	27.9	9.62	1.1424	1332	3	100.0	60
08/09/26	2:00	28.2	28.3	28.2	94	27.1	1.8	SSW	6.44	4.0	SSW	28.2	35.6	35.6	1004.3	0.00	0.0	0.000	0.410	27.4	52	16.7	27.8	9.42	1.1427	1328	3	100.0	60
08/09/26	3:00	28.4	28.5	28.1	93	27.2	1.8	WSW	6.44	4.5	WSW	28.4	36.2	36.2	1003.5	0.00	0.0	0.000	0.421	27.4	52	16.7	27.8	9.42	1.1418	1327	3	100.0	60
08/09/26	4:00	28.2	28.5	28.2	90	26.4	1.8	WSW	6.44	4.0	W	28.2	34.8	34.8	1003.2	0.00	0.0	0.000	0.412	27.4	53	17.0	27.9	9.62	1.1408	1336	3	100.0	60
08/09/26	5:00	27.7	28.2	27.7	91	26.1	1.3	WSW	4.83	3.6	WSW	27.7	33.6	33.6	1003.0	0.00	0.0	0.000	0.391	27.4	53	17.0	27.9	9.62	1.1406	1328	3	100.0	60
08/09/26	6:00	27.5	27.7	27.5	92	26.1	1.3	WSW	4.83	2.7	W	27.5	33.1	33.1	1003.3	0.00	0.0	0.000	0.382	27.4	51	16.4	27.8	9.32	1.1417	1329	3	100.0	60
08/09/26	7:00	26.9	27.5	26.8	95	26.0	0.9	WSW	3.22	2.2	SW	26.9	32.0	32.0	1004.1	0.00	0.0	0.000	0.356	27.6	57	18.3	28.4	10.18	1.1396	1331	3	100.0	60
08/09/26	8:00	28.2	28.2	26.8	91	26.6	0.4	WNW	1.61	1.8	WSW	28.2	34.9	34.9	1004.4	0.00	0.0	0.000	0.410	27.2	59	18.5	28.1	10.55	1.1409	1323	3	100.0	60
08/09/26	9:00	29.3	29.3	28.2	89	27.3	2.2	SW	8.05	5.4	SW	29.3	37.9	37.9	1005.1	0.00	0.0	0.000	0.456	27.4	55	17.6	28.1	9.85	1.1421	1330	3	100.0	60
08/09/26	10:00	30.1	30.2	29.3	84	27.1	3.1	SW	11.27	5.8	SW	30.1	39.3	39.3	1005.5	0.00	0.0	0.000	0.491	27.5	58	18.5	28.4	10.35	1.1411	1332	3	100.0	60
08/09/26	11:00	31.2	31.2	30.1	78	26.9	2.7	WSW	9.66	5.8	WNW	31.2	40.7	40.7	1005.3	0.00	0.0	0.000	0.535	27.4	55	17.5	28.0	9.85	1.1426	1324	3	100.0	60
08/09/26	12:00	32.2	32.2	31.2	76	27.4	3.1	W	11.27	7.2	WSW	32.2	43.2	43.2	1004.8	0.00	0.0	0.000	0.576	27.4	52	16.7	27.8	9.42	1.1431	1330	3	100.0	60
08/09/26	13:00	32.9	33.1	31.7	73	27.5	3.1	W	11.27	6.3	WSW	32.9	44.6	44.6	1003.9	0.00	0.0	0.000	0.609	27.6	49	15.9	27.7	8.92	1.1427	1324	3	100.0	60
08/09/26	14:00	33.0	33.6	32.8	75	28.0	3.6	W	12.87	6.7	WSW	33.0	45.7	45.7	1002.8	0.00	0.0	0.000	0.611	27.4	50	16.1	27.7	9.12	1.1416	1326	3	100.0	60
08/09/26	15:00	32.3	33.0	32.3	75	27.3	4.9	W	17.70	8.5	W	32.3	43.4	43.3	1001.8	0.00	0.0	0.000	0.583	27.2	55	17.4	27.8	9.85	1.1395	1332	3	100.0	60
08/09/26	16:00	32.8	33.3	32.2	73	27.4	4.5	WSW	16.09	7.6	WSW	32.8	44.2	44.2	1001.4	0.00	0.0	0.000	0.604	27.3	51	16.3	27.6	9.33	1.1401	1331	3	100.0	60
08/09/26	17:00	31.8	32.8	31.8	77	27.3	3.6	WSW	12.87	7.2	WSW	31.8	42.6	42.6	1001.2	0.00	0.0	0.000	0.563	27.4	53	17.0	27.8	9.62	1.1387	1328	3	100.0	60
08/09/26	18:00	31.6	31.9	31.6	76	26.8	3.6	WSW	12.87	6.7	WSW	31.6	41.3	41.3	1001.3	0.00	0.0	0.000	0.551	27.4	53	17.0	27.9	9.62	1.1385	1338	3	100.0	60
08/09/26	19:00	30.2	31.6	30.2	83	27.0	4.0	WSW	14.48	7.6	WSW	29.9	39.2	38.9	1002.3	0.00	0.0	0.000	0.493	27.7	56	18.1	28.5	10.05	1.1371	1332	3	100.0	60
08/09/26	20:00	29.4	30.2	29.4	86	26.9	4.0	WSW	14.48	7.2	WSW	29.1	37.7	37.4	1002.4	0.00	0.0	0.000	0.463	27.4	49	15.7	27.5	8.92	1.1419	1332	3	100.0	60
08/09/26	21:00	29.0	29.5	28.9	90	27.2	2.7	WSW	9.66	4.9	W	29.0	37.3	37.3	1004.1	0.00	0.0	0.000	0.444	27.4	52	16.7	27.8	9.42	1.1422	1327	3	100.0	60
08/09/26	22:00	28.4	29.0	28.4	94	27.3	1.8	SSW	6.44	4.0	SSW	28.4	36.3	36.3	1004.9	0.00	0.0	0.000	0.419	27.5	52	16.8	27.9	9.42	1.1429	1331	3	100.0	60
08/09/26	23:00	28.4	28.4	28.3	94	27.3	0.4	SSW	1.61	2.7	SSW	28.4	36.3	36.3	1004.4	0.00	0.0	0.000	0.419	27.5	51	16.5	27.8	9.32	1.1428	1328	3	100.0	60
09/09/26	00:00	27.7	28.4	27.7	96	27.0	0.4	SW	1.61	1.8	SW	27.7	34.4	34.4	1003.7	0.00	0.0	0.000	0.389	27.5	50	16.1	27.7	9.12	1.1424	1328	3	100.0	60
09/09/26	1:00	27.8	27.8	27.6	94	26.8	1.3	SW	4.83	3.6	WSW	27.8	34.5	34.5	1003.7	0.00	0.0	0.000	0.396	27.5	52	16.8	27.9	9.42	1.1415	1328	3	100.0	60
09/09/26	2:00	27.6	27.9	27.5	94	26.5	1.3	SW	4.83	3.6	W	27.6	33.7	33.7	1003.2	0.00	0.0	0.000	0.384	27.4	54	17.3	27.9	9.75	1.1406	1331	3	100.0	60
09/09/26	3:00	27.8	27.8	27.4	93	26.5	2.7	WSW	9.66	5.4	WSW	27.8	34.1	34.1	1003.0	0.00	0.0	0.000	0.394	27.3	53	16.9	27.8	9.63	1.1411	1327	3	100.0	60
09/09/26	4:00	27.8	27.9	27.8	92	26.4	2.7	WSW	9.66	5.4	WSW	27.8	34.1	34.1	1002.8	0.00	0.0	0.000	0.396	27.2	54	17.1	27.7	9.75	1.1411	1320	3	100.0	60
09/09/26	5:00	27.1	27.8	27.1	94	26.1	0.4	WSW	1.61	1.8	WSW	27.1	32.4	32.4	1002.8	0.00	0.0	0.000	0.366	27.3	53	16.9	27.8	9.63	1.1410	1330	3	100.0	60
09/09/26	6:00	26.8	27.1	26.8	95	25.9	0.0	---	0.00	0.0	---	26.8	31.7	31.7	1002.7	0.00	0.0	0.000	0.352	27.5	52	16.8	27.9	9.42	1.1404	1332	3	100.0	60
09/09/26	7:00	26.5	26.8	26.3	97	26.0	0.0	---	0.00	0.0	---	26.5	31.3	31.3	1002.7	0.00	0.0	0.000	0.340	27.5	52	16.8	27.9	9.42	1.1404	1329	3	100.0	60
09/09/26	8:00	27.3	27.3	26.2	94	26.2	0.4	WSW	1.61	2.7	W	27.3	32.9	32.9	1003.3	0.00	0.0	0.000	0.373	27.2	60	18.7	28.1	10.75	1.1394	1328	3	100.0	60
09/09/26	9:00	28.8	28.8	27.3	88	26.6	2.2	WSW	8.05	5.8	W	28.8	36.1	36.1	1004.3	0.00	0.0	0.000	0.435	27.3	58	18.3	28.2	10.35	1.1405	1325	3	100.0	60
09/09/26	10:00	29.7	29.7	28.8	85	26.9	2.2	W	8.05	4.0	WNW	29.7	38.3	38.3	1004.9	0.00	0.0	0.000	0.475	27.5	54	17.4	28.1	9.75	1.1420	1333	3	100.0	60
09/09/26	11:00	30.6	30.6	29.7	79	26.6	2.7	W	9.66	5.4	W	30.6	39.3	39.3	1004.8	0.00	0.0	0.000	0.512	27.6	57	18.3	28.4	10.18	1.1404	1323	3	100.0	60
09/09/26	12:00	31.8	31.8	30.6	74	26.6	4.0	W	14.48	7.2	W	31.8	41.4	41.3	1004.4	0.00	0.0	0.000	0.563	27.4	50	16.1	27.7	9.12	1.1435	1333	3	100.0	60
09/09/26	13:00	31.7	32.1	31.7	74	26.5	4.5	W	16.09	7.6	WSW	31.6	41.1	40.9	1003.8	0.00	0.0	0.000	0.558	27.4	54	17.3	27.9	9.75	1.1413	1332	3	100.0	60
09/09/26	14:00	32.4	32.6	31.7	73	27.0	3.6	W	12.87	6.7	WSW	32.4	42.9	42.9	1002.5	0.00	0.0	0.000	0.588	27.4	50	16.1	27.7	9.12	1.1413	1327	3	100.0	60
09/09/26	15:00	32.6	32.8	32.4	72	26.9	4.5	WSW	16.09	8.5	SW	32.6	43.1	43.1	1001.6	0.00	0.0	0.000	0.595	27.4	53	17.0	27.8	9.62	1.1392	1326	3	100.0	60
09/09/26	16:00	32.8	33.1	32.6	72	27.1	4.5	W	16.09	8.0	W	32.8	43.6	43.6	1000.5	0.00	0.0	0.000	0.602	27.5	52	16.8	27.9	9.42	1.1378	1331	3	100.0	60
09/09/26	17:00	32.7	32.9	32.6	74	27.4	4.0	W	14.48	7.2	W	32.7	44.1	44.1	999.8	0.00	0.0	0.000	0.597	27.4	52	16.7	27.8	9.42	1.1376	1332	3	100.0	60
09/09/26	18:00	31.9	32.7	31.9	73	26.5	3.6	WSW	12.87	7.2	W	31.9	41.4	41.4	1000.2	0.00	0.0	0.000	0.567	27.2	52	16.5	27.6	9.43	1.1389	1333	3	100.0	60
09/09/26	19:00	31.3	31.9	31.3	77	26.8	3.1	W	11.27	5.4	W	31.3	40.7	40.7	1000.6	0.00	0.0	0.000	0.539	27.2	52	16.5	27.6	9.43	1.1393	1329	3	100.0	60
09/09/26	20:00	30.4	31.3	30.4	81	26.8	1.3	WSW	4.83	3.1	WNW	30.4	39.4	39.4	1001.8	0.00	0.0	0.000	0.505	27.6	48	15.6	27.6	8.82	1.1408	1327	3	100.0	60
09/09/26	21:00	29.0	30.5	29.0	88	26.8	2.7	SW	9.66	6.3	SSW	29.0	36.8	36.8	1002.8	0.00	0.0	0.000	0.444	27.3	52	16.6	27.7	9.43	1.1413	1328	3	100.0	60
09/09/26	22:00	28.6	29.1	28.6	91	27.0	1.8	SSW	6.44	4.5	SW	28.6	36.3	36.3	1004.1	0.00	0.0	0.000	0.428	27.4	52	16.7	27.8	9.42	1.1422	1323	3	100.0	60
09/09/26	23:00	28.2	28.6	28.2	93	27.0	1.3	S	4.83	3.6	S	28.2	35.5	35.5	1004.2	0.00	0.0	0.000	0.412	27.4	51	16.4	27.7	9.32	1.1431	1333	3	100.0	60
10/09/26	00:00	28.1	28.3	28.1	95	27.2	0.9	SSW	3.22	2.2	SSW	28.1	35.4	35.4	1003.6	0.00	0.0	0.000	0.405	27.5	51	16.5	27.8	9.32	1.1419	1328	3	100.0	60
10/09/26	1:00	27.7	28.1	27.7	96	27.0	0.9	SSW	3.22	2.2	SSW	27.7	34.4	34.4	1003.3	0.00	0.0	0.000	0.389	27.5	52	16.8	27.9	9.42	1.1410	1328	3	100.0	60
10/09/26	2:00	27.5	27.7	27.5	97	27.0	0.9	SSW	3.22	2.2	SSW	27.5	34.2	34.2	1002.9	0.00	0.0	0.000	0.382	27.4	51	16.4	27.8	9.32	1.1413	1331	3	100.0	60
10/09/26	3:00	27.3	27.5	27.3	97	26.8	0.4	SW	1.61	1.8	SSW	27.3	33.7	33.7	1002.9	0.00	0.0	0.000	0.375	27.4	52	16.7	27.8	9.42	1.1408	1334	3	100.0	60
10/09/26	4:00	27.2	27.5	27.1	96	26.5	0.9	SSW	3.22	2.7	SSW	27.2	33.1	33.1	1002.2	0.00	0.0	0.000	0.370	27.5	53	17.1	28.0	9.62	1.1394	1316	3	100.0	60
10/09/26	5:00	27.2	27.4	27.2	96	26.5	1.3	SW	4.83	3.1	WSW	27.2	33.1	33.1	1001.9	0.00	0.0	0.000	0.370	27.4	52	16.7	27.8	9.42	1.1397	1332	3	100.0	60
10/09/26	6:00	27.1	27.3	27.0	97	26.5	0.4	SW	1.61	1.8	W	27.1	32.8	32.8	1002.1	0.00	0.0	0.000	0.363	27.4	52	16.7	27.8	9.42	1.1402	1328	3	100.0	60
10/09/26	7:00	27.2	27.3	27.0	96	26.5	0.0	SSW	0.00	0.9	SE	27.2	33.1	33.1	1002.1	0.00	0.0	0.000	0.370	27.4	51	16.4	27.8	9.32	1.1404	1325	3	100.0	60
10/09/26	8:00	27.0	27.4	27.0	98	26.7	0.0	---	0.00	0.0	---	27.0	32.8	32.8	1003.1	0.00	0.0	0.000	0.361	27.3	59	18.6	28.3	10.55	1.1387	1329	3	100.0	60
10/09/26	9:00	27.8	27.8	26.9	95	27.0	0.4	ESE	1.61	1.3	E	27.8	34.7	34.7	1004.3	0.00	0.0	0.000	0.396	27.2	59	18.5	28.0	10.55	1.1410	1328	3	100.0	60
10/09/26	10:00	28.8	28.8	27.8	91	27.2	0.0	ENE	0.00	1.3	ENE	28.8	37.0	37.0	1004.7	0.00	0.0	0.000	0.438	27.2	58	18.2	27.9	10.35	1.1419	1322	3	100.0	60
10/09/26	11:00	29.6	29.8	28.8	83	26.4	0.9	W	3.22	4.5	W	29.6	37.3	37.3	1004.7	0.00	0.0	0.000	0.468	27.4	55	17.5	28.0	9.85	1.1419	1330	3	100.0	60
10/09/26	12:00	30.8	30.8	29.5	81	27.1	2.2	NNW	8.05	5.8	NW	30.8	40.5	40.5	1004.6	0.00	0.0	0.000	0.519	27.4	54	17.3	28.0	9.75	1.1420	1329	3	100.0	60
10/09/26	13:00	32.1	32.1	30.8	76	27.3	3.6	WNW	12.87	7.2	WNW	32.1	42.9	42.9	1003.2	0.00	0.0	0.000	0.572	27.5	49	15.8	27.7	8.92	1.1422	1332	3	100.0	60
10/09/26	14:00	32.3	32.5	32.1	72	26.6	4.0	WNW	14.48	7.6	W	32.3	42.1	42.1	1002.0	0.00	0.0	0.000	0.581	27.3	54	17.2	27.8	9.75	1.1396	1335	3	100.0	60
10/09/26	15:00	32.4	32.6	32.2	72	26.7	4.0	NW	14.48	7.6	W	32.4	42.6	42.6	1001.2	0.00	0.0	0.000	0.588	27.4	50	16.1	27.7	9.12	1.1397	1325	3	100.0	60
10/09/26	16:00	32.4	32.7	32.3	69	26.0	3.6	WNW	12.87	7.2	WNW	32.4	41.4	41.4	1000.2	0.00	0.0	0.000	0.588	27.4	49	15.8	27.6	8.92	1.1390	1331	3	100.0	60
10/09/26	17:00	32.2	32.7	32.2	74	26.9	2.7	WNW	9.66	5.4	WNW	32.2	42.4	42.4	999.9	0.00	0.0	0.000	0.576	27.4	51	16.4	27.7	9.32	1.1381	1332	3	100.0	60
10/09/26	18:00	30.0	32.2	30.0	86	27.4	2.2	NW	8.05	7.2	ENE	30.0	39.5	39.5	1000.5	0.00	0.0	0.000	0.486	27.2	52	16.5	27.6	9.43	1.1392	1324	3	100.0	60
10/09/26	19:00	26.5	29.9	26.4	96	25.8	3.1	E	11.27	6.3	NE	26.5	31.1	31.1	1002.0	0.20	0.0	0.000	0.340	27.2	56	17.6	27.8	10.05	1.1395	1326	3	100.0	60
10/09/26	20:00	26.1	26.5	26.1	97	25.6	1.8	ENE	6.44	3.6	ENE	26.1	30.2	30.2	1002.7	0.20	0.0	0.000	0.324	27.4	58	18.4	28.3	10.35	1.1381	1336	3	100.0	60
10/09/26	21:00	26.6	26.6	26.1	97	26.0	0.9	E	3.22	2.7	E	26.6	31.4	31.4	1003.3	0.00	0.0	0.000	0.343	27.7	53	17.3	28.3	9.61	1.1395	1287	3	98.8	60
10/09/26	22:00	26.7	26.7	26.4	97	26.2	0.0	NE	0.00	1.3	NE	26.7	31.7	31.7	1004.4	0.00	0.0	0.000	0.347	27.5	52	16.8	27.9	9.42	1.1423	1306	3	100.0	60
10/09/26	23:00	26.4	26.7	26.4	97	25.9	1.3	WNW	4.83	7.2	W	26.4	31.1	31.1	1005.9	0.00	0.0	0.000	0.338	27.4	54	17.3	28.0	9.75	1.1435	1327	3	100.0	60
11/09/26	00:00	24.5	26.5	24.5	97	24.0	3.6	WNW	12.87	7.2	WNW	24.2	26.8	26.5	1005.8	0.20	0.0	0.000	0.257	27.3	57	18.1	28.1	10.17	1.1427	1327	3	100.0	60
11/09/26	1:00	25.2	25.2	24.5	98	24.8	0.9	ENE	3.22	4.0	NNW	25.2	28.2	28.2	1005.2	0.20	0.0	0.000	0.285	27.5	57	18.2	28.3	10.18	1.1411	1332	3	100.0	60
11/09/26	2:00	25.2	25.3	25.1	99	25.0	1.3	W	4.83	3.1	WSW	25.2	28.3	28.3	1004.9	0.80	1.0	0.000	0.285	27.4	55	17.5	28.0	9.85	1.1423	1332	3	100.0	60
11/09/26	3:00	25.2	25.3	25.1	99	25.1	0.9	NNW	3.22	2.2	ENE	25.2	28.4	28.4	1004.4	0.20	0.8	0.000	0.287	27.4	55	17.5	28.0	9.85	1.1416	1325	3	100.0	60
11/09/26	4:00	25.3	25.4	25.2	100	25.3	0.4	W	1.61	2.7	W	25.3	28.8	28.8	1003.7	0.00	0.0	0.000	0.292	27.5	53	17.1	28.0	9.62	1.1410	1327	3	100.0	60
11/09/26	5:00	25.4	25.4	25.2	97	24.9	0.9	NW	3.22	2.2	NW	25.4	28.6	28.6	1003.3	0.00	0.0	0.000	0.294	27.4	56	17.9	28.2	10.05	1.1396	1329	3	100.0	60
11/09/26	6:00	25.3	25.6	25.3	99	25.2	0.9	NNW	3.22	3.1	ENE	25.3	28.7	28.7	1003.9	0.00	0.0	0.000	0.292	27.4	57	18.1	28.2	10.18	1.1402	1328	3	100.0	60
11/09/26	7:00	25.1	25.3	25.1	100	25.1	1.3	ENE	4.83	3.6	ENE	25.1	28.1	28.1	1004.2	0.00	0.0	0.000	0.280	27.4	54	17.3	28.0	9.75	1.1416	1332	3	100.0	60
11/09/26	8:00	25.3	25.3	25.1	99	25.1	2.2	ENE	8.05	5.4	ENE	25.3	28.5	28.5	1005.5	0.00	0.0	0.000	0.289	27.6	56	18.0	28.3	10.05	1.1416	1334	3	100.0	60
11/09/26	9:00	25.6	25.6	25.2	99	25.4	1.3	ENE	4.83	5.4	ENE	25.6	29.2	29.2	1005.5	0.40	1.2	0.000	0.301	27.2	62	19.3	28.3	11.13	1.1411	1331	3	100.0	60
11/09/26	10:00	27.3	27.3	25.5	94	26.2	2.2	NE	8.05	6.7	NNE	27.3	32.9	32.9	1005.2	0.00	0.0	0.000	0.373	27.2	57	18.0	27.9	10.17	1.1426	1330	3	100.0	60
11/09/26	11:00	27.9	27.9	27.3	90	26.2	4.5	NE	16.09	7.6	NE	27.2	34.0	33.3	1005.6	0.00	0.0	0.000	0.400	27.4	56	17.8	28.1	10.05	1.1426	1327	3	100.0	60
11/09/26	12:00	30.7	30.7	27.9	80	26.8	4.0	ENE	14.48	8.9	ENE	30.4	39.8	39.6	1005.7	0.00	0.0	0.000	0.514	27.0	53	16.6	27.3	9.64	1.1459	1331	3	100.0	60
11/09/26	13:00	31.2	31.2	30.4	77	26.7	3.6	ENE	12.87	7.2	ENE	31.2	40.6	40.5	1004.7	0.00	0.0	0.000	0.537	26.8	46	14.2	26.6	8.45	1.1488	1325	3	100.0	60
11/09/26	14:00	32.2	32.2	31.1	75	27.2	4.0	ENE	14.48	8.0	E	32.2	42.8	42.8	1003.5	0.00	0.0	0.000	0.576	26.6	54	16.5	26.9	9.75	1.1449	1331	3	100.0	60
11/09/26	15:00	32.1	32.8	32.0	76	27.3	3.6	ENE	12.87	8.0	ENE	32.1	42.9	42.9	1002.0	0.00	0.0	0.000	0.572	26.7	47	14.4	26.5	8.65	1.1458	1331	3	100.0	60
11/09/26	16:00	31.4	32.3	31.4	76	26.7	4.9	ENE	17.70	8.5	ENE	31.2	40.9	40.6	1001.5	0.00	0.0	0.000	0.546	26.4	49	14.9	26.4	8.96	1.1455	1328	3	100.0	60
11/09/26	17:00	31.3	31.9	31.3	77	26.8	4.0	E	14.48	7.6	ENE	31.2	40.9	40.8	1001.4	0.00	0.0	0.000	0.542	26.9	51	15.9	27.2	9.34	1.1421	1324	3	100.0	60
11/09/26	18:00	30.7	31.3	30.7	79	26.6	3.1	ESE	11.27	5.8	ESE	30.7	39.5	39.5	1001.6	0.00	0.0	0.000	0.514	27.1	53	16.7	27.4	9.64	1.1409	1331	3	100.0	60
11/09/26	19:00	29.6	30.7	29.6	85	26.8	1.8	SE	6.44	4.9	ESE	29.6	38.0	38.0	1002.4	0.00	0.0	0.000	0.470	27.1	55	17.3	27.6	9.85	1.1408	1326	3	100.0	60
11/09/26	20:00	28.7	29.6	28.7	90	26.9	1.3	ESE	4.83	2.7	ESE	28.7	36.2	36.2	1003.5	0.00	0.0	0.000	0.431	27.1	57	17.8	27.7	10.16	1.1415	1334	3	100.0	60
11/09/26	21:00	28.0	28.7	28.0	92	26.6	0.9	SE	3.22	2.7	ESE	28.0	34.6	34.6	1004.1	0.00	0.0	0.000	0.403	27.7	51	16.6	28.1	9.31	1.1416	1332	3	100.0	60
11/09/26	22:00	27.9	28.1	27.7	90	26.1	0.9	ENE	3.22	3.6	NE	27.9	33.8	33.8	1005.1	0.00	0.0	0.000	0.398	27.6	53	17.1	28.1	9.62	1.1424	1327	3	100.0	60
11/09/26	23:00	27.1	27.9	27.1	92	25.7	1.3	ENE	4.83	2.7	E	27.1	32.1	32.1	1005.4	0.00	0.0	0.000	0.366	27.5	53	17.1	28.0	9.62	1.1430	1334	3	100.0	60
12/09/26	00:00	27.2	27.5	27.1	92	25.8	1.3	NE	4.83	2.2	NE	27.2	32.2	32.2	1005.6	0.00	0.0	0.000	0.368	27.5	52	16.8	27.9	9.42	1.1437	1321	3	100.0	60
12/09/26	1:00	26.3	27.2	26.3	93	25.1	2.2	NE	8.05	5.8	NE	26.3	30.1	30.1	1005.3	0.00	0.0	0.000	0.331	27.6	53	17.1	28.1	9.62	1.1427	1332	3	100.0	60
12/09/26	2:00	25.9	26.3	25.9	93	24.7	1.8	ENE	6.44	5.4	ENE	25.9	29.3	29.3	1004.7	0.00	0.0	0.000	0.317	27.6	53	17.2	28.1	9.62	1.1417	1331	3	100.0	60
12/09/26	3:00	26.5	26.5	25.8	91	24.9	2.2	ENE	8.05	4.9	ENE	26.5	30.3	30.3	1004.0	0.00	0.0	0.000	0.340	27.6	53	17.2	28.1	9.62	1.1409	1336	3	100.0	60
12/09/26	4:00	26.2	26.6	26.2	92	24.8	2.2	E	8.05	4.9	ENE	26.2	29.7	29.7	1003.1	0.00	0.0	0.000	0.326	27.6	54	17.4	28.1	9.75	1.1396	1329	3	100.0	60
12/09/26	5:00	26.4	26.4	26.2	92	25.0	1.3	NE	4.83	3.6	ENE	26.4	30.2	30.2	1002.8	0.00	0.0	0.000	0.336	27.6	54	17.5	28.2	9.75	1.1391	1325	3	100.0	60
12/09/26	6:00	26.4	26.6	26.4	92	25.0	1.3	ENE	4.83	3.6	ENE	26.4	30.3	30.3	1003.1	0.00	0.0	0.000	0.338	27.6	53	17.2	28.1	9.62	1.1398	1332	3	100.0	60
12/09/26	7:00	25.9	26.6	25.9	94	24.9	2.2	NE	8.05	4.9	NE	25.9	29.4	29.4	1003.4	0.00	0.0	0.000	0.317	27.6	53	17.2	28.1	9.62	1.1402	1330	3	100.0	60
12/09/26	8:00	26.5	26.5	25.8	95	25.6	1.8	NE	6.44	4.5	NE	26.5	30.9	30.9	1004.9	0.00	0.0	0.000	0.340	27.6	52	16.9	28.1	9.42	1.1424	1329	3	100.0	60
12/09/26	9:00	27.9	27.9	26.5	90	26.2	2.2	ENE	8.05	4.9	ENE	27.9	34.0	34.0	1005.8	0.00	0.0	0.000	0.400	27.3	57	18.1	28.1	10.17	1.1427	1334	3	100.0	60
12/09/26	10:00	29.2	29.2	27.8	83	26.0	3.6	NE	12.87	8.0	NE	29.1	36.1	36.0	1005.8	0.00	0.0	0.000	0.451	27.3	56	17.8	28.0	10.05	1.1431	1327	3	100.0	60
12/09/26	11:00	29.8	30.2	29.2	81	26.2	4.9	ENE	17.70	9.4	ENE	29.2	37.6	36.9	1005.8	0.00	0.0	0.000	0.479	27.1	57	17.8	27.7	10.16	1.1441	1336	3	100.0	60
12/09/26	12:00	30.1	30.2	29.8	80	26.3	4.9	ENE	17.70	8.9	ENE	29.6	38.1	37.5	1005.6	0.00	0.0	0.000	0.491	27.3	54	17.2	27.8	9.75	1.1440	1331	3	100.0	60
12/09/26	13:00	31.1	31.2	29.9	78	26.8	4.5	ENE	16.09	8.9	ENE	30.9	40.6	40.3	1004.9	0.00	0.0	0.000	0.532	27.1	55	17.2	27.6	9.85	1.1439	1333	3	100.0	60
12/09/26	14:00	31.8	31.8	31.0	77	27.2	3.1	ENE	11.27	7.2	ENE	31.8	42.3	42.3	1003.4	0.00	0.0	0.000	0.560	26.8	47	14.6	26.7	8.64	1.1466	1332	3	100.0	60
12/09/26	15:00	30.9	31.9	29.7	79	26.9	3.1	E	11.27	6.7	E	30.9	40.4	40.4	1002.5	0.00	0.0	0.000	0.525	27.1	53	16.7	27.4	9.64	1.1420	1330	3	100.0	60
12/09/26	16:00	31.9	31.9	30.9	75	27.0	3.6	E	12.87	6.3	ENE	31.9	42.1	42.1	1001.6	0.00	0.0	0.000	0.567	27.2	52	16.5	27.5	9.43	1.1408	1331	3	100.0	60
12/09/26	17:00	30.9	32.1	30.8	79	26.8	2.7	ESE	9.66	5.4	ESE	30.9	40.2	40.2	1001.8	0.00	0.0	0.000	0.523	26.9	50	15.6	27.0	9.14	1.1432	1330	3	100.0	60
12/09/26	18:00	26.6	31.0	26.3	95	25.7	3.1	ENE	11.27	8.0	NE	26.6	31.2	31.2	1002.8	1.00	17.2	0.000	0.345	26.9	57	17.7	27.5	10.16	1.1415	1330	3	100.0	60
12/09/26	19:00	25.4	26.7	25.3	99	25.2	2.2	ENE	8.05	8.0	E	25.4	28.8	28.8	1003.7	3.20	30.8	0.000	0.294	26.8	61	18.7	27.7	10.95	1.1412	1324	3	100.0	60
12/09/26	20:00	25.3	25.4	25.1	100	25.3	0.4	N	1.61	1.8	NNW	25.3	28.8	28.8	1004.2	0.20	1.0	0.000	0.292	26.9	62	19.0	27.9	11.14	1.1408	1328	3	100.0	60
12/09/26	21:00	25.6	25.7	25.3	100	25.6	0.4	ESE	1.61	1.3	NNW	25.6	29.3	29.3	1004.7	0.00	0.0	0.000	0.301	27.3	58	18.3	28.2	10.35	1.1411	1329	3	100.0	60
12/09/26	22:00	25.8	25.8	25.4	98	25.4	1.8	ENE	6.44	4.0	E	25.8	29.6	29.6	1006.1	0.20	0.0	0.000	0.310	27.6	55	17.7	28.2	9.85	1.1427	1325	3	100.0	60
12/09/26	23:00	25.6	25.8	25.4	99	25.4	1.3	ENE	4.83	3.6	E	25.6	29.2	29.2	1006.6	0.20	0.0	0.000	0.301	27.6	55	17.7	28.2	9.85	1.1434	1324	3	100.0	60
13/09/26	00:00	25.2	25.6	25.2	99	25.0	2.2	E	8.05	4.9	E	25.2	28.3	28.3	1006.6	0.40	0.0	0.000	0.285	27.6	55	17.7	28.2	9.85	1.1433	1319	3	100.0	60
13/09/26	1:00	24.8	25.2	24.8	99	24.6	1.3	E	4.83	3.1	ENE	24.8	27.4	27.4	1005.9	0.60	2.4	0.000	0.269	27.7	56	18.1	28.4	10.05	1.1415	1322	3	100.0	60
13/09/26	2:00	24.9	24.9	24.8	100	24.9	0.9	ENE	3.22	3.1	ENE	24.9	27.8	27.8	1005.2	0.40	0.0	0.000	0.273	27.7	56	18.1	28.4	10.05	1.1407	1312	3	100.0	60
13/09/26	3:00	24.7	24.9	24.7	100	24.7	0.0	NE	0.00	1.3	NE	24.7	27.4	27.4	1004.2	0.00	0.0	0.000	0.266	27.6	55	17.7	28.2	9.85	1.1405	1311	3	100.0	60
13/09/26	4:00	24.6	24.7	24.6	100	24.6	0.0	---	0.00	0.0	---	24.6	27.2	27.2	1003.4	0.00	0.0	0.000	0.262	27.5	55	17.7	28.2	9.85	1.1399	1323	3	100.0	60
13/09/26	5:00	24.4	24.7	24.4	100	24.4	0.0	---	0.00	0.0	---	24.4	26.9	26.9	1003.5	0.00	0.0	0.000	0.255	27.5	55	17.7	28.2	9.85	1.1400	1321	3	100.0	60
13/09/26	6:00	24.3	24.4	24.3	100	24.3	0.0	---	0.00	0.0	---	24.3	26.7	26.7	1004.0	0.00	0.0	0.000	0.250	27.5	57	18.2	28.3	10.18	1.1397	1316	3	100.0	60
13/09/26	7:00	24.4	24.6	24.3	100	24.4	0.0	NE	0.00	1.3	NE	24.4	26.9	26.9	1004.4	0.00	0.0	0.000	0.255	27.4	56	17.9	28.2	10.05	1.1409	1326	3	100.0	60
13/09/26	8:00	25.2	25.2	24.4	100	25.2	0.9	ENE	3.22	2.2	ENE	25.2	28.4	28.4	1005.0	0.00	0.0	0.000	0.285	27.6	55	17.7	28.2	9.85	1.1414	1335	3	100.0	60
13/09/26	9:00	26.2	26.2	25.1	97	25.7	1.8	NE	6.44	4.0	NE	26.2	30.6	30.6	1005.6	0.00	0.0	0.000	0.329	27.6	57	18.3	28.4	10.18	1.1413	1331	3	100.0	60
13/09/26	10:00	28.1	28.1	26.2	91	26.4	2.7	NE	9.66	6.3	NNE	28.1	34.6	34.6	1006.0	0.00	0.0	0.000	0.405	27.3	56	17.7	27.9	10.05	1.1436	1326	3	100.0	60
13/09/26	11:00	29.4	29.4	28.1	86	26.8	4.0	NE	14.48	7.6	ENE	29.1	37.6	37.2	1005.8	0.00	0.0	0.000	0.461	27.2	58	18.2	28.0	10.35	1.1428	1327	3	100.0	60
13/09/26	12:00	29.7	30.1	29.2	83	26.5	4.5	NE	16.09	8.5	ENE	29.3	37.8	37.3	1005.5	0.00	0.0	0.000	0.475	27.2	58	18.2	27.9	10.35	1.1427	1332	3	100.0	60
13/09/26	13:00	30.3	30.3	29.6	77	25.8	5.4	ENE	19.31	9.8	ENE	29.7	37.9	37.3	1004.5	0.00	0.0	0.000	0.500	26.9	56	17.4	27.5	10.05	1.1437	1332	3	100.0	60
13/09/26	14:00	29.8	30.7	29.8	81	26.2	4.9	ENE	17.70	9.8	ENE	29.2	37.6	36.9	1003.6	0.00	0.0	0.000	0.479	27.0	53	16.6	27.3	9.64	1.1436	1335	3	100.0	60
13/09/26	15:00	30.4	30.8	29.8	80	26.6	3.6	ENE	12.87	7.2	ENE	30.4	39.1	39.1	1002.8	0.00	0.0	0.000	0.505	27.2	53	16.8	27.6	9.63	1.1417	1333	3	100.0	60
13/09/26	16:00	30.9	31.0	30.3	78	26.7	4.0	ENE	14.48	7.2	E	30.8	40.1	39.9	1002.1	0.00	0.0	0.000	0.525	26.9	56	17.4	27.5	10.05	1.1409	1336	3	100.0	60
13/09/26	17:00	30.4	30.9	30.2	79	26.4	3.6	E	12.87	8.0	ENE	30.4	38.8	38.8	1001.7	0.00	0.0	0.000	0.505	27.2	55	17.4	27.8	9.85	1.1393	1320	3	100.0	60
13/09/26	18:00	30.3	30.7	30.3	76	25.6	4.0	ESE	14.48	7.6	E	30.1	37.6	37.4	1001.8	0.00	0.0	0.000	0.500	27.3	53	16.9	27.7	9.63	1.1400	1333	3	100.0	60
13/09/26	19:00	29.1	30.3	29.1	80	25.3	3.6	E	12.87	7.6	ESE	28.9	35.1	34.9	1002.7	0.00	0.0	0.000	0.447	27.2	54	17.1	27.6	9.75	1.1413	1329	3	100.0	60
13/09/26	20:00	27.9	29.1	27.9	85	25.2	1.8	ESE	6.44	4.9	E	27.9	33.2	33.2	1004.0	0.00	0.0	0.000	0.400	27.1	58	18.1	27.8	10.35	1.1413	1331	3	100.0	60
13/09/26	21:00	28.0	28.1	27.9	85	25.2	0.9	E	3.22	2.7	E	28.0	33.3	33.3	1004.9	0.00	0.0	0.000	0.403	27.2	58	18.2	27.9	10.35	1.1421	1331	3	100.0	60
13/09/26	22:00	27.8	28.1	27.8	86	25.2	1.3	E	4.83	3.1	ENE	27.8	32.9	32.9	1005.6	0.00	0.0	0.000	0.394	27.8	53	17.3	28.3	9.61	1.1419	1332	3	100.0	60
13/09/26	23:00	27.6	27.9	27.6	87	25.2	1.8	E	6.44	3.6	ENE	27.6	32.4	32.4	1006.0	0.00	0.0	0.000	0.384	27.7	53	17.2	28.2	9.61	1.1429	1336	3	100.0	60
14/09/26	00:00	27.5	27.6	27.4	87	25.1	2.2	E	8.05	4.9	ENE	27.5	32.3	32.3	1006.0	0.00	0.0	0.000	0.382	27.7	53	17.2	28.2	9.61	1.1429	1336	3	100.0	60
14/09/26	1:00	27.2	27.4	27.2	87	24.9	1.8	E	6.44	4.5	ENE	27.2	31.6	31.6	1005.6	0.00	0.0	0.000	0.370	27.6	52	16.8	28.0	9.42	1.1434	1331	3	100.0	60
14/09/26	2:00	26.9	27.2	26.9	88	24.8	1.8	ENE	6.44	4.0	ENE	26.9	31.0	31.0	1004.8	0.00	0.0	0.000	0.359	27.6	53	17.1	28.1	9.62	1.1421	1334	3	100.0	60
14/09/26	3:00	26.9	27.1	26.9	87	24.5	1.8	ENE	6.44	3.6	E	26.9	30.8	30.8	1004.0	0.00	0.0	0.000	0.356	27.6	52	16.9	28.1	9.42	1.1413	1325	3	100.0	60
14/09/26	4:00	26.4	26.9	26.4	87	24.1	2.7	ENE	9.66	4.5	ENE	26.4	29.8	29.8	1003.7	0.00	0.0	0.000	0.338	27.7	54	17.5	28.3	9.75	1.1398	1333	3	100.0	60
14/09/26	5:00	25.9	26.4	25.9	88	23.8	1.8	ENE	6.44	4.0	ENE	25.9	28.8	28.8	1003.6	0.00	0.0	0.000	0.317	27.7	55	17.8	28.3	9.85	1.1393	1330	3	100.0	60
14/09/26	6:00	25.7	26.1	25.7	88	23.5	1.8	ENE	6.44	4.0	ENE	25.7	28.2	28.2	1003.6	0.00	0.0	0.000	0.306	27.7	54	17.5	28.3	9.75	1.1396	1331	3	100.0	60
14/09/26	7:00	26.2	26.2	25.6	85	23.4	2.2	NE	8.05	5.4	ENE	26.2	28.9	28.9	1003.9	0.00	0.0	0.000	0.326	27.7	55	17.9	28.4	9.85	1.1394	1324	3	100.0	60
14/09/26	8:00	26.3	26.3	26.1	85	23.6	2.7	NE	9.66	5.8	NE	26.3	29.3	29.3	1004.7	0.00	0.0	0.000	0.333	27.8	54	17.6	28.4	9.75	1.1404	1330	3	100.0	60
14/09/26	9:00	27.5	27.5	26.3	82	24.2	2.7	NE	9.66	5.8	NE	27.5	31.6	31.6	1005.5	0.00	0.0	0.000	0.382	27.7	52	17.0	28.2	9.41	1.1425	1329	3	100.0	60
14/09/26	10:00	28.7	28.8	27.4	80	24.9	2.2	NE	8.05	4.0	NE	28.7	34.1	34.1	1005.9	0.00	0.0	0.000	0.431	27.4	55	17.5	28.0	9.85	1.1434	1329	3	100.0	60
14/09/26	11:00	28.8	29.1	28.6	80	25.0	1.8	ENE	6.44	4.5	NE	28.8	34.5	34.5	1006.0	0.00	0.0	0.000	0.438	27.2	55	17.3	27.7	9.85	1.1447	1332	3	100.0	60
14/09/26	12:00	29.2	29.2	28.7	79	25.1	1.3	NE	4.83	3.1	NE	29.2	35.2	35.2	1005.8	0.00	0.0	0.000	0.451	27.2	55	17.3	27.7	9.85	1.1444	1326	3	100.0	60
14/09/26	13:00	30.0	30.4	29.2	76	25.3	1.3	NE	4.83	4.9	ENE	30.0	36.7	36.7	1005.0	0.00	0.0	0.000	0.486	27.2	53	16.8	27.6	9.63	1.1441	1331	3	100.0	60
14/09/26	14:00	29.7	30.1	29.6	78	25.4	1.8	ESE	6.44	4.0	ENE	29.7	36.3	36.3	1003.9	0.00	0.0	0.000	0.472	27.3	53	16.9	27.7	9.63	1.1425	1334	3	100.0	60
14/09/26	15:00	30.2	30.4	29.7	76	25.5	1.8	ESE	6.44	4.0	ENE	30.2	37.1	37.1	1003.0	0.00	0.0	0.000	0.493	27.3	52	16.6	27.7	9.43	1.1415	1331	3	100.0	60
14/09/26	16:00	30.6	30.9	30.1	75	25.7	1.3	ESE	4.83	4.5	SE	30.6	38.1	38.1	1002.4	0.00	0.0	0.000	0.512	26.8	55	17.0	27.3	9.85	1.1422	1332	3	100.0	60
14/09/26	17:00	30.2	30.7	30.2	77	25.7	1.3	ESE	4.83	3.1	ESE	30.2	37.6	37.6	1002.2	0.00	0.0	0.000	0.495	27.2	54	17.1	27.6	9.75	1.1406	1328	3	100.0	60
14/09/26	18:00	29.7	30.2	29.6	83	26.5	2.2	SSE	8.05	4.5	SE	29.7	37.6	37.6	1002.1	0.00	0.0	0.000	0.472	27.2	54	17.1	27.7	9.75	1.1402	1333	3	100.0	60
14/09/26	19:00	28.7	29.7	28.7	85	25.9	1.8	S	6.44	3.6	S	28.7	35.1	35.1	1002.7	0.00	0.0	0.000	0.431	27.2	56	17.6	27.8	10.05	1.1404	1327	3	100.0	60
14/09/26	20:00	27.6	28.7	27.6	91	26.0	1.8	SSW	6.44	4.5	SSW	27.6	33.2	33.2	1003.6	0.00	0.0	0.000	0.387	27.1	58	18.1	27.8	10.35	1.1409	1332	3	100.0	60
14/09/26	21:00	27.4	27.6	27.3	92	26.0	0.9	SSW	3.22	2.2	SSW	27.4	33.0	33.0	1004.6	0.00	0.0	0.000	0.380	27.1	59	18.4	27.8	10.55	1.1419	1333	3	100.0	60
14/09/26	22:00	27.2	27.5	27.2	94	26.1	0.9	SSW	3.22	2.2	SSW	27.2	32.6	32.6	1005.7	0.00	0.0	0.000	0.368	27.6	56	18.0	28.4	10.05	1.1416	1333	3	100.0	60
14/09/26	23:00	26.9	27.2	26.9	95	26.1	0.9	SSW	3.22	2.2	S	26.9	32.2	32.2	1005.9	0.00	0.0	0.000	0.359	27.7	54	17.5	28.3	9.75	1.1424	1332	3	100.0	60
15/09/26	00:00	27.0	27.1	26.9	95	26.1	0.9	SSW	3.22	1.8	SSW	27.0	32.3	32.3	1006.3	0.00	0.0	0.000	0.361	27.6	53	17.2	28.1	9.62	1.1435	1333	3	100.0	60
15/09/26	1:00	26.2	27.1	26.2	97	25.7	1.8	SSW	6.44	4.5	SSW	26.2	30.6	30.6	1005.9	0.00	0.0	0.000	0.329	27.6	53	17.1	28.1	9.62	1.1434	1326	3	100.0	60
15/09/26	2:00	26.2	26.2	25.9	97	25.7	0.9	S	3.22	3.6	SSW	26.2	30.4	30.4	1005.3	0.20	0.0	0.000	0.326	27.5	54	17.4	28.1	9.75	1.1425	1333	3	100.0	60
15/09/26	3:00	26.0	26.3	26.0	99	25.8	0.9	SSW	3.22	2.7	SSW	26.0	30.2	30.2	1004.5	0.00	0.0	0.000	0.319	27.6	54	17.4	28.1	9.75	1.1414	1332	3	100.0	60
15/09/26	4:00	26.1	26.1	25.9	100	26.1	0.4	S	1.61	2.7	SSW	26.1	30.5	30.5	1004.1	0.00	0.0	0.000	0.322	27.6	55	17.8	28.3	9.85	1.1401	1332	3	100.0	60
15/09/26	5:00	26.1	26.1	26.0	100	26.1	0.4	SW	1.61	1.8	SSW	26.1	30.5	30.5	1004.0	0.00	0.0	0.000	0.322	27.5	54	17.4	28.1	9.75	1.1411	1327	3	100.0	60
15/09/26	6:00	26.2	26.2	26.0	100	26.2	0.0	SW	0.00	1.3	S	26.2	30.8	30.8	1004.7	0.00	0.0	0.000	0.326	27.6	55	17.8	28.3	9.85	1.1408	1330	3	100.0	60
15/09/26	7:00	26.2	26.3	26.1	99	26.1	0.0	SSW	0.00	1.3	SSW	26.2	30.8	30.8	1004.8	0.00	0.0	0.000	0.329	27.6	55	17.8	28.3	9.85	1.1410	1322	3	100.0	60
15/09/26	8:00	26.3	26.4	26.1	99	26.2	0.4	S	1.61	2.2	SSW	26.3	31.1	31.1	1005.7	0.00	0.0	0.000	0.333	27.6	54	17.4	28.1	9.75	1.1427	1323	3	100.0	60
15/09/26	9:00	26.1	26.4	25.8	100	26.1	1.8	S	6.44	4.9	S	26.1	30.7	30.7	1006.4	0.00	0.0	0.000	0.324	27.6	54	17.4	28.1	9.75	1.1436	1321	3	100.0	60
15/09/26	10:00	26.4	26.4	25.9	99	26.3	1.8	S	6.44	4.5	SSW	26.4	31.4	31.4	1007.1	0.00	0.0	0.000	0.338	27.4	58	18.4	28.3	10.35	1.1433	1330	3	100.0	60
15/09/26	11:00	27.2	27.2	26.4	97	26.7	1.3	S	4.83	5.8	SSW	27.2	33.3	33.3	1006.9	0.00	0.0	0.000	0.370	27.4	58	18.4	28.2	10.35	1.1433	1328	3	100.0	60
15/09/26	12:00	26.2	28.1	26.1	97	25.7	2.2	SSW	8.05	7.6	NNW	26.2	30.4	30.4	1006.9	1.40	35.8	0.000	0.326	27.3	58	18.3	28.2	10.35	1.1436	1327	3	100.0	60
15/09/26	13:00	27.3	27.3	26.2	97	26.8	0.9	SSE	3.22	3.6	SE	27.3	33.4	33.4	1006.1	0.00	0.0	0.000	0.373	27.3	59	18.6	28.2	10.55	1.1425	1329	3	100.0	60
15/09/26	14:00	28.8	28.8	27.3	94	27.8	0.9	NW	3.22	2.2	S	28.8	37.8	37.8	1005.2	0.00	0.0	0.000	0.438	27.3	56	17.8	28.0	10.05	1.1424	1329	3	100.0	60
15/09/26	15:00	30.4	30.4	28.8	82	27.0	3.1	WSW	11.27	6.7	SW	30.4	39.8	39.8	1004.1	0.00	0.0	0.000	0.505	27.5	58	18.5	28.4	10.35	1.1395	1330	3	100.0	60
15/09/26	16:00	30.8	30.8	30.4	81	27.1	4.0	SW	14.48	7.2	SW	30.6	40.5	40.3	1003.7	0.00	0.0	0.000	0.519	27.3	54	17.2	27.8	9.75	1.1416	1335	3	100.0	60
15/09/26	17:00	30.7	30.9	30.6	82	27.3	4.0	SW	14.48	7.6	WSW	30.5	40.7	40.4	1003.6	0.00	0.0	0.000	0.516	26.9	56	17.4	27.5	10.05	1.1426	1328	3	100.0	60
15/09/26	18:00	30.3	30.8	30.3	82	26.9	4.0	SW	14.48	6.7	WSW	30.1	39.2	39.0	1003.4	0.00	0.0	0.000	0.498	27.6	57	18.3	28.4	10.18	1.1385	1333	3	100.0	60
15/09/26	19:00	28.9	30.3	28.9	89	26.9	3.1	WSW	11.27	6.7	SW	28.9	36.8	36.8	1004.6	0.00	0.0	0.000	0.442	27.7	59	18.9	28.7	10.55	1.1388	1333	3	100.0	60
15/09/26	20:00	28.1	28.9	28.1	93	26.8	2.2	W	8.05	4.5	W	28.1	35.0	35.0	1005.5	0.00	0.0	0.000	0.405	27.7	62	19.7	29.1	11.11	1.1384	1330	3	100.0	60
15/09/26	21:00	27.7	28.1	27.7	95	26.8	1.8	WSW	6.44	4.0	WSW	27.7	34.4	34.4	1006.0	0.00	0.0	0.000	0.391	27.6	62	19.7	29.0	11.12	1.1394	1331	3	100.0	60
15/09/26	22:00	27.4	27.8	27.4	96	26.7	0.4	SSW	1.61	1.3	WSW	27.4	33.8	33.8	1006.5	0.00	0.0	0.000	0.380	27.6	58	18.6	28.6	10.35	1.1417	1331	3	100.0	60
15/09/26	23:00	27.0	27.6	27.0	95	26.1	0.4	SSW	1.61	1.8	SSW	27.0	32.3	32.3	1007.6	0.00	0.0	0.000	0.361	27.4	59	18.7	28.3	10.55	1.1436	1328	3	100.0	60
16/09/26	00:00	26.8	27.2	26.8	95	26.0	0.0	S	0.00	1.3	SSW	26.8	31.8	31.8	1007.2	0.00	0.0	0.000	0.354	27.3	60	18.9	28.3	10.75	1.1430	1328	3	100.0	60
16/09/26	1:00	26.4	26.8	26.4	96	25.7	0.0	SSE	0.00	1.8	SSE	26.4	30.8	30.8	1006.7	0.00	0.0	0.000	0.336	27.2	61	19.0	28.3	10.95	1.1426	1329	3	100.0	60
16/09/26	2:00	26.2	26.4	26.2	98	25.8	0.0	SSW	0.00	1.3	SSW	26.2	30.6	30.6	1006.2	0.00	0.0	0.000	0.326	27.2	60	18.8	28.2	10.75	1.1425	1327	3	100.0	60
16/09/26	3:00	26.0	26.2	25.8	99	25.8	0.0	---	0.00	0.0	---	26.0	30.2	30.2	1005.6	0.00	0.0	0.000	0.319	27.2	61	19.0	28.3	10.95	1.1414	1332	3	100.0	60
16/09/26	4:00	25.4	26.1	25.4	100	25.4	0.0	NW	0.00	1.3	NW	25.4	29.0	29.0	1005.4	0.00	0.0	0.000	0.296	27.3	62	19.4	28.5	11.13	1.1404	1328	3	100.0	60
16/09/26	5:00	25.9	25.9	25.4	99	25.8	0.9	WNW	3.22	1.8	NW	25.9	30.1	30.1	1005.3	0.00	0.0	0.000	0.317	27.4	63	19.7	28.8	11.32	1.1392	1336	3	100.0	60
16/09/26	6:00	26.2	26.6	25.9	99	26.0	0.0	---	0.00	0.0	---	26.2	30.7	30.7	1005.2	0.00	0.0	0.000	0.326	27.3	60	18.8	28.2	10.75	1.1411	1334	3	100.0	60
16/09/26	7:00	25.9	26.3	25.9	100	25.9	0.0	---	0.00	0.0	---	25.9	30.2	30.2	1005.4	0.00	0.0	0.000	0.317	27.3	60	18.8	28.2	10.75	1.1412	1333	3	100.0	60
16/09/26	8:00	26.6	26.6	25.9	99	26.4	0.0	---	0.00	0.0	---	26.6	31.7	31.7	1006.1	0.00	0.0	0.000	0.343	27.3	60	18.8	28.2	10.75	1.1420	1330	3	100.0	60
16/09/26	9:00	28.1	28.1	26.6	94	27.0	0.9	SSW	3.22	4.0	WSW	28.1	35.2	35.2	1006.6	0.00	0.0	0.000	0.405	27.2	57	18.0	27.9	10.17	1.1442	1328	3	100.0	60
16/09/26	10:00	29.6	29.7	28.1	86	27.0	2.7	WSW	9.66	6.3	SW	29.6	38.3	38.3	1006.9	0.00	0.0	0.000	0.470	27.4	56	17.8	28.1	10.05	1.1441	1328	3	100.0	60
16/09/26	11:00	30.3	30.7	29.6	81	26.7	3.6	W	12.87	7.2	WSW	30.3	39.1	39.0	1006.9	0.00	0.0	0.000	0.500	27.7	59	19.0	28.8	10.55	1.1411	1327	3	100.0	60
16/09/26	12:00	30.4	31.2	30.3	83	27.2	4.0	W	14.48	7.2	WSW	30.2	40.1	39.8	1006.8	0.00	0.0	0.000	0.505	27.8	60	19.4	29.1	10.75	1.1400	1329	3	100.0	60
16/09/26	13:00	31.5	31.5	30.0	80	27.6	4.5	W	16.09	7.6	WSW	31.3	42.6	42.4	1005.8	0.00	0.0	0.000	0.549	27.9	54	17.8	28.7	9.75	1.1408	1335	3	100.0	60
16/09/26	14:00	31.0	31.9	31.0	82	27.6	4.0	W	14.48	7.6	WSW	30.8	41.6	41.4	1005.2	0.00	0.0	0.000	0.528	27.8	61	19.6	29.2	10.95	1.1377	1335	3	100.0	60
16/09/26	15:00	31.6	31.6	30.8	77	27.0	3.1	SW	11.27	7.2	W	31.6	41.6	41.6	1003.7	0.00	0.0	0.000	0.551	27.7	53	17.2	28.2	9.61	1.1402	1324	3	100.0	60
16/09/26	16:00	31.6	31.7	31.5	79	27.5	3.1	W	11.27	7.2	W	31.6	42.6	42.6	1003.5	0.00	0.0	0.000	0.553	27.8	58	18.8	28.8	10.35	1.1372	1332	3	100.0	60
16/09/26	17:00	31.4	31.6	31.3	78	27.1	4.0	WNW	14.48	6.3	WNW	31.3	41.6	41.5	1003.3	0.00	0.0	0.000	0.546	27.8	60	19.3	29.0	10.75	1.1361	1333	3	100.0	60
16/09/26	18:00	29.8	31.6	29.8	85	27.0	4.0	W	14.48	8.9	SSW	29.5	38.5	38.2	1003.6	0.00	0.0	0.000	0.477	27.8	61	19.6	29.1	10.95	1.1361	1332	3	100.0	60
16/09/26	19:00	28.8	29.8	28.8	90	27.0	3.6	SSW	12.87	7.6	SSW	28.7	36.7	36.6	1004.1	0.00	0.0	0.000	0.438	27.4	56	17.9	28.2	10.05	1.1406	1332	3	100.0	60
16/09/26	20:00	27.8	29.1	27.8	93	26.6	4.0	W	14.48	7.6	WSW	27.3	34.3	33.8	1005.2	0.00	0.0	0.000	0.396	27.6	61	19.4	28.8	10.95	1.1391	1331	3	100.0	60
16/09/26	21:00	25.4	27.8	25.3	99	25.3	2.2	NW	8.05	6.7	NW	25.4	28.9	28.9	1005.8	0.60	2.6	0.000	0.296	27.5	63	19.8	28.9	11.32	1.1393	1329	3	100.0	60
16/09/26	22:00	26.2	26.2	25.4	99	26.0	0.9	NW	3.22	3.6	N	26.2	30.7	30.7	1006.4	0.00	0.0	0.000	0.326	27.3	61	19.1	28.4	10.95	1.1417	1329	3	100.0	60
16/09/26	23:00	26.2	26.4	26.2	99	26.1	0.0	---	0.00	0.0	---	26.2	30.8	30.8	1006.9	0.00	0.0	0.000	0.329	27.2	61	19.0	28.3	10.95	1.1429	1329	3	100.0	60
17/09/26	00:00	26.3	26.3	26.2	99	26.1	0.0	---	0.00	0.0	---	26.3	31.0	31.0	1006.9	0.00	0.0	0.000	0.331	27.2	61	19.0	28.2	10.95	1.1432	1332	3	100.0	60
17/09/26	1:00	26.1	26.3	26.1	99	25.9	0.4	WSW	1.61	1.8	WSW	26.1	30.5	30.5	1006.0	0.00	0.0	0.000	0.324	27.3	63	19.7	28.7	11.33	1.1404	1332	3	100.0	60
17/09/26	2:00	26.2	26.2	26.1	99	26.0	0.9	WSW	3.22	1.8	WSW	26.2	30.7	30.7	1005.2	0.00	0.0	0.000	0.326	27.4	63	19.7	28.8	11.32	1.1392	1335	3	100.0	60
17/09/26	3:00	26.2	26.3	26.2	99	26.1	0.4	SW	1.61	1.8	SSW	26.2	30.8	30.8	1004.8	0.00	0.0	0.000	0.329	27.4	63	19.8	28.8	11.32	1.1384	1327	3	100.0	60
17/09/26	4:00	26.2	26.4	26.2	99	26.0	0.0	---	0.00	0.0	---	26.2	30.7	30.7	1004.8	0.00	0.0	0.000	0.326	27.3	62	19.4	28.5	11.13	1.1397	1331	3	100.0	60
17/09/26	5:00	26.3	26.4	26.2	98	26.0	0.0	SW	0.00	1.3	SSW	26.3	31.0	31.0	1004.4	0.00	0.0	0.000	0.333	27.2	61	19.0	28.3	10.95	1.1399	1334	3	100.0	60
17/09/26	6:00	26.2	26.4	26.2	99	26.1	0.4	S	1.61	1.8	SSW	26.2	30.8	30.8	1004.2	0.00	0.0	0.000	0.329	27.2	61	19.0	28.2	10.95	1.1400	1328	3	100.0	60
17/09/26	7:00	26.3	26.4	26.2	99	26.1	0.0	WSW	0.00	1.3	WSW	26.3	31.0	31.0	1004.5	0.00	0.0	0.000	0.331	27.2	61	19.0	28.3	10.95	1.1401	1330	3	100.0	60
17/09/26	8:00	26.4	26.4	26.1	99	26.2	0.9	SSW	3.22	2.2	SSW	26.4	31.3	31.3	1005.0	0.00	0.0	0.000	0.336	27.2	61	19.0	28.2	10.95	1.1410	1336	3	100.0	60
17/09/26	9:00	27.6	27.6	26.4	94	26.6	2.2	WSW	8.05	4.9	WSW	27.6	33.9	33.9	1005.7	0.00	0.0	0.000	0.387	27.3	61	19.1	28.4	10.95	1.1409	1333	3	100.0	60
17/09/26	10:00	28.7	28.7	27.6	85	25.9	2.7	W	9.66	7.6	WSW	28.7	35.1	35.1	1006.1	0.00	0.0	0.000	0.431	27.4	58	18.4	28.2	10.35	1.1423	1330	3	100.0	60
17/09/26	11:00	29.5	29.5	28.7	83	26.3	4.0	W	14.48	6.7	W	29.2	37.1	36.8	1006.1	0.00	0.0	0.000	0.465	27.7	58	18.7	28.7	10.35	1.1408	1328	3	100.0	60
17/09/26	12:00	30.7	30.8	29.5	81	27.0	3.1	W	11.27	6.7	WSW	30.7	40.2	40.2	1005.8	0.00	0.0	0.000	0.514	27.7	59	18.9	28.7	10.55	1.1401	1332	3	100.0	60
17/09/26	13:00	30.9	31.3	30.7	80	27.1	3.1	W	11.27	5.8	WSW	30.9	40.7	40.7	1005.3	0.00	0.0	0.000	0.525	27.7	59	19.0	28.8	10.55	1.1393	1331	3	100.0	60
17/09/26	14:00	31.7	31.8	30.9	77	27.2	3.1	W	11.27	6.7	WSW	31.7	42.2	42.2	1003.9	0.00	0.0	0.000	0.558	27.7	60	19.2	28.9	10.75	1.1371	1324	3	100.0	60
17/09/26	15:00	31.8	31.8	31.2	77	27.3	4.0	W	14.48	6.7	WNW	31.8	42.6	42.5	1002.8	0.00	0.0	0.000	0.563	27.7	58	18.7	28.7	10.35	1.1367	1333	3	100.0	60
17/09/26	16:00	31.3	32.1	31.3	79	27.3	4.5	W	16.09	8.0	WSW	31.2	41.6	41.4	1002.2	0.00	0.0	0.000	0.542	27.8	59	19.0	28.9	10.55	1.1354	1331	3	100.0	60
17/09/26	17:00	31.2	31.6	31.1	77	26.7	4.0	W	14.48	7.2	WNW	31.1	40.6	40.4	1002.1	0.00	0.0	0.000	0.537	27.8	60	19.3	29.0	10.75	1.1348	1330	3	100.0	60
17/09/26	18:00	30.6	31.3	30.6	79	26.6	3.6	W	12.87	6.7	W	30.6	39.3	39.3	1002.6	0.00	0.0	0.000	0.512	27.8	61	19.6	29.1	10.95	1.1349	1334	3	100.0	60
17/09/26	19:00	29.9	30.8	29.9	82	26.5	3.6	W	12.87	6.3	W	29.8	38.0	37.9	1003.1	0.00	0.0	0.000	0.481	27.9	57	18.6	28.9	10.19	1.1367	1333	3	100.0	60
17/09/26	20:00	29.2	29.9	29.1	85	26.4	2.2	W	8.05	4.9	W	29.2	36.6	36.6	1004.1	0.00	0.0	0.000	0.451	27.8	57	18.5	28.7	10.19	1.1384	1332	3	100.0	60
17/09/26	21:00	28.7	29.2	28.7	88	26.5	1.8	WSW	6.44	4.5	WSW	28.7	35.8	35.8	1005.2	0.00	0.0	0.000	0.431	27.7	58	18.7	28.7	10.35	1.1398	1326	3	100.0	60
17/09/26	22:00	28.2	28.7	28.0	90	26.4	1.3	SSW	4.83	3.6	SW	28.2	34.8	34.8	1005.7	0.00	0.0	0.000	0.412	27.5	60	19.0	28.6	10.75	1.1404	1332	3	100.0	60
17/09/26	23:00	27.8	28.4	27.8	91	26.2	0.0	---	0.00	0.0	---	27.8	33.9	33.9	1006.3	0.00	0.0	0.000	0.396	27.4	58	18.4	28.3	10.35	1.1422	1330	3	100.0	60
18/09/26	00:00	27.3	28.1	27.3	93	26.1	0.0	---	0.00	0.0	---	27.3	32.9	32.9	1006.2	0.00	0.0	0.000	0.375	27.3	58	18.3	28.2	10.35	1.1427	1331	3	100.0	60
18/09/26	1:00	26.6	27.3	26.6	97	26.1	0.4	NNW	1.61	1.8	NNW	26.6	31.6	31.6	1005.2	0.00	0.0	0.000	0.345	27.2	60	18.8	28.2	10.75	1.1413	1332	3	100.0	60
18/09/26	2:00	25.3	26.9	25.3	98	25.0	1.3	NNW	4.83	8.5	NW	25.3	28.6	28.6	1004.8	10.20	145.8	0.000	0.292	27.3	63	19.7	28.7	11.33	1.1390	1334	3	100.0	60
18/09/26	3:00	25.0	25.3	24.8	100	25.0	0.4	NNW	1.61	2.2	N	25.0	28.0	28.0	1004.1	1.80	18.2	0.000	0.278	27.2	62	19.3	28.3	11.13	1.1395	1315	3	100.0	60
18/09/26	4:00	25.0	25.4	25.0	100	25.0	0.0	NNW	0.00	1.3	S	25.0	28.0	28.0	1003.5	0.40	0.0	0.000	0.278	27.1	62	19.2	28.2	11.13	1.1391	1325	3	100.0	60
18/09/26	5:00	25.1	25.1	24.9	100	25.1	0.4	NNW	1.61	1.3	NNW	25.1	28.3	28.3	1003.2	0.20	0.0	0.000	0.282	27.1	62	19.2	28.2	11.13	1.1387	1327	3	100.0	60
18/09/26	6:00	25.6	25.6	25.0	100	25.6	0.0	---	0.00	0.0	---	25.6	29.3	29.3	1003.5	0.00	0.0	0.000	0.301	27.2	61	19.0	28.2	10.95	1.1393	1326	3	100.0	60
18/09/26	7:00	25.4	25.7	25.3	100	25.4	0.0	---	0.00	0.0	---	25.4	28.9	28.9	1003.8	0.00	0.0	0.000	0.294	27.1	60	18.6	27.9	10.75	1.1406	1333	3	100.0	60
18/09/26	8:00	25.9	26.0	25.4	100	25.9	0.4	NE	1.61	1.3	NE	25.9	30.2	30.2	1004.5	0.00	0.0	0.000	0.317	27.2	60	18.7	28.1	10.75	1.1409	1328	3	100.0	60
18/09/26	9:00	27.1	27.1	25.9	99	26.9	0.0	ESE	0.00	1.3	ESE	27.1	33.3	33.3	1005.3	0.00	0.0	0.000	0.366	27.2	60	18.8	28.2	10.75	1.1415	1329	3	100.0	60
18/09/26	10:00	28.9	28.9	27.1	91	27.3	0.4	SE	1.61	2.2	SE	28.9	37.2	37.2	1005.2	0.00	0.0	0.000	0.440	27.2	56	17.7	27.8	10.05	1.1429	1326	3	100.0	60
18/09/26	11:00	30.6	30.6	28.9	84	27.5	0.9	ESE	3.22	2.2	SSE	30.6	40.8	40.8	1004.9	0.00	0.0	0.000	0.509	27.4	54	17.3	27.9	9.75	1.1427	1335	3	100.0	60
18/09/26	12:00	30.3	30.9	30.3	84	27.3	1.3	SSW	4.83	4.5	S	30.3	40.1	40.1	1004.6	0.00	0.0	0.000	0.500	27.7	60	19.2	28.8	10.75	1.1383	1328	3	100.0	60
18/09/26	13:00	28.2	31.7	28.1	90	26.4	2.7	S	9.66	6.7	S	28.2	34.6	34.6	1003.6	0.00	0.0	0.000	0.410	27.6	56	18.0	28.3	10.05	1.1394	1336	3	100.0	60
18/09/26	14:00	26.9	28.2	26.9	93	25.7	2.2	NW	8.05	5.4	SSW	26.9	31.7	31.7	1003.1	0.00	0.0	0.000	0.356	27.5	61	19.3	28.7	10.95	1.1370	1332	3	100.0	60
18/09/26	15:00	26.3	27.2	26.1	100	26.3	1.3	WSW	4.83	3.6	W	26.3	31.1	31.1	1002.3	5.40	36.2	0.000	0.331	27.5	62	19.6	28.8	11.12	1.1357	1329	3	100.0	60
18/09/26	16:00	27.0	27.0	26.3	99	26.8	0.0	N	0.00	1.8	NNW	27.0	33.0	33.0	1002.0	0.00	0.0	0.000	0.361	27.5	63	19.8	28.9	11.32	1.1348	1332	3	100.0	60
18/09/26	17:00	27.1	27.2	26.8	99	26.9	0.0	---	0.00	0.0	---	27.1	33.3	33.3	1001.8	0.00	0.0	0.000	0.366	27.5	62	19.6	28.8	11.12	1.1351	1333	3	100.0	60
18/09/26	18:00	27.6	28.1	27.1	98	27.2	0.0	---	0.00	0.0	---	27.6	34.5	34.5	1002.1	0.00	0.0	0.000	0.384	27.4	62	19.5	28.7	11.12	1.1357	1330	3	100.0	60
18/09/26	19:00	27.8	27.9	27.6	96	27.1	0.4	SE	1.61	2.2	SE	27.8	34.8	34.8	1002.8	0.00	0.0	0.000	0.394	27.4	63	19.8	28.8	11.32	1.1361	1326	3	100.0	60
18/09/26	20:00	27.4	27.8	27.4	96	26.7	0.9	SSE	3.22	2.7	SSE	27.4	33.8	33.8	1003.3	0.00	0.0	0.000	0.380	27.3	63	19.7	28.7	11.33	1.1373	1331	3	100.0	60
18/09/26	21:00	27.3	27.5	27.2	97	26.8	0.4	S	1.61	1.8	SSE	27.3	33.7	33.7	1003.7	0.00	0.0	0.000	0.375	27.3	63	19.6	28.6	11.33	1.1381	1328	3	100.0	60
18/09/26	22:00	27.2	27.6	27.2	97	26.7	0.4	SE	1.61	1.3	E	27.2	33.3	33.3	1005.1	0.00	0.0	0.000	0.370	27.4	63	19.7	28.8	11.32	1.1390	1332	3	100.0	60
18/09/26	23:00	27.1	27.3	27.0	98	26.8	0.0	SE	0.00	1.3	SE	27.1	33.2	33.2	1005.6	0.00	0.0	0.000	0.366	27.4	60	18.9	28.4	10.75	1.1409	1333	3	100.0	60
19/09/26	00:00	27.0	27.1	27.0	98	26.7	0.4	S	1.61	1.8	SSE	27.0	32.8	32.8	1005.6	0.00	0.0	0.000	0.361	27.3	61	19.1	28.4	10.95	1.1407	1328	3	100.0	60
19/09/26	1:00	26.7	27.1	26.6	99	26.5	0.9	SSW	3.22	2.7	S	26.7	32.1	32.1	1004.9	0.00	0.0	0.000	0.347	27.2	61	19.0	28.3	10.95	1.1405	1332	3	100.0	60
19/09/26	2:00	26.8	26.9	26.5	99	26.7	0.0	SSW	0.00	0.9	S	26.8	32.6	32.6	1004.3	0.00	0.0	0.000	0.354	27.2	61	19.0	28.3	10.95	1.1399	1330	3	100.0	60
19/09/26	3:00	26.4	26.8	26.4	99	26.3	0.4	ESE	1.61	2.7	ESE	26.4	31.4	31.4	1004.4	0.00	0.0	0.000	0.338	27.2	60	18.8	28.2	10.75	1.1404	1334	3	100.0	60
19/09/26	4:00	26.2	26.4	26.1	100	26.2	0.9	ESE	3.22	3.1	E	26.2	30.8	30.8	1004.0	0.00	0.0	0.000	0.326	27.2	60	18.8	28.2	10.75	1.1400	1336	3	100.0	60
19/09/26	5:00	26.0	26.2	26.0	100	26.0	0.4	ESE	1.61	2.7	E	26.0	30.4	30.4	1004.2	1.80	35.4	0.000	0.319	27.2	60	18.8	28.2	10.75	1.1401	1339	3	100.0	60
19/09/26	6:00	25.8	26.0	25.7	100	25.8	0.4	SE	1.61	1.8	ENE	25.8	29.8	29.8	1004.2	1.40	2.4	0.000	0.310	27.2	60	18.8	28.2	10.75	1.1401	1332	3	100.0	60
19/09/26	7:00	25.6	25.9	25.6	100	25.6	0.0	SSW	0.00	1.8	SSW	25.6	29.4	29.4	1004.5	0.00	0.0	0.000	0.303	27.2	60	18.7	28.1	10.75	1.1408	1328	3	100.0	60
19/09/26	8:00	25.9	25.9	25.6	100	25.9	0.0	SE	0.00	1.8	SE	25.9	30.2	30.2	1005.4	0.00	0.0	0.000	0.317	27.2	61	19.0	28.3	10.95	1.1411	1328	3	100.0	60
19/09/26	9:00	26.6	26.6	25.9	100	26.6	0.4	SSE	1.61	2.2	SE	26.6	32.1	32.1	1006.1	0.00	0.0	0.000	0.345	27.3	61	19.1	28.4	10.95	1.1414	1327	3	100.0	60
19/09/26	10:00	28.8	28.8	26.6	93	27.6	0.9	SSE	3.22	3.6	SSE	28.8	37.5	37.5	1006.5	0.00	0.0	0.000	0.438	27.6	59	18.8	28.6	10.55	1.1415	1330	3	100.0	60
19/09/26	11:00	29.4	29.6	28.8	90	27.6	1.3	S	4.83	4.5	SSW	29.4	38.8	38.8	1006.5	0.00	0.0	0.000	0.463	27.6	56	18.0	28.4	10.05	1.1425	1327	3	100.0	60
19/09/26	12:00	30.3	30.3	29.3	86	27.7	1.8	S	6.44	3.6	S	30.3	40.5	40.5	1006.5	0.00	0.0	0.000	0.498	27.4	56	17.9	28.2	10.05	1.1433	1329	3	100.0	60
19/09/26	13:00	30.9	31.4	30.3	84	27.9	1.8	S	6.44	5.4	SSE	30.9	42.1	42.1	1005.6	0.00	0.0	0.000	0.525	27.4	60	19.0	28.5	10.75	1.1406	1332	3	100.0	60
19/09/26	14:00	31.5	31.7	30.8	82	28.1	1.8	S	6.44	4.5	S	31.5	43.3	43.3	1004.4	0.00	0.0	0.000	0.549	27.5	60	19.0	28.6	10.75	1.1390	1331	3	100.0	60
19/09/26	15:00	32.0	32.1	31.3	80	28.1	2.2	S	8.05	4.9	S	32.0	44.3	44.3	1003.2	0.00	0.0	0.000	0.569	27.6	56	18.0	28.4	10.05	1.1386	1333	3	100.0	60
19/09/26	16:00	31.8	32.7	31.8	80	28.0	1.8	SSE	6.44	4.5	ESE	31.8	43.7	43.7	1002.8	0.00	0.0	0.000	0.563	27.6	58	18.6	28.6	10.35	1.1374	1333	3	100.0	60
19/09/26	17:00	29.4	31.9	29.4	91	27.8	2.2	WSW	8.05	4.9	WSW	29.4	39.1	39.1	1003.1	0.00	0.0	0.000	0.463	27.6	58	18.6	28.6	10.35	1.1377	1330	3	100.0	60
19/09/26	18:00	28.5	29.5	28.4	94	27.4	1.3	W	4.83	4.9	W	28.5	36.7	36.7	1003.8	0.00	0.0	0.000	0.424	27.7	58	18.7	28.7	10.35	1.1382	1333	3	100.0	60
19/09/26	19:00	28.8	29.0	28.4	90	27.0	1.8	S	6.44	5.4	SSW	28.8	36.7	36.7	1005.0	0.00	0.0	0.000	0.438	27.4	60	19.0	28.5	10.75	1.1399	1329	3	100.0	60
19/09/26	20:00	28.3	28.8	28.3	93	27.0	1.8	SSW	6.44	4.9	S	28.3	35.7	35.7	1006.0	0.00	0.0	0.000	0.414	27.3	61	19.1	28.4	10.95	1.1412	1333	3	100.0	60
19/09/26	21:00	27.7	28.3	27.7	96	27.0	1.3	S	4.83	4.9	S	27.7	34.4	34.4	1006.9	0.00	0.0	0.000	0.389	27.2	62	19.3	28.4	11.13	1.1425	1331	3	100.0	60
19/09/26	22:00	27.5	27.7	27.4	94	26.4	0.9	S	3.22	3.1	SSE	27.5	33.6	33.6	1007.6	0.00	0.0	0.000	0.382	27.4	61	19.2	28.6	10.95	1.1428	1335	3	100.0	60
19/09/26	23:00	27.7	27.8	27.4	95	26.8	0.4	SSW	1.61	1.8	SSW	27.7	34.2	34.2	1008.2	0.00	0.0	0.000	0.389	27.3	60	18.9	28.3	10.75	1.1443	1335	3	100.0	60
20/09/26	00:00	27.4	27.7	27.4	95	26.6	0.0	---	0.00	0.0	---	27.4	33.6	33.6	1007.9	0.00	0.0	0.000	0.380	27.3	60	18.8	28.2	10.75	1.1441	1332	3	100.0	60
20/09/26	1:00	27.1	27.5	26.9	98	26.7	0.0	---	0.00	0.0	---	27.1	33.0	33.0	1007.9	0.00	0.0	0.000	0.363	27.3	60	18.9	28.3	10.75	1.1438	1329	3	100.0	60
20/09/26	2:00	26.4	27.3	26.4	99	26.3	0.4	NW	1.61	1.3	E	26.4	31.4	31.4	1006.8	0.00	0.0	0.000	0.338	27.3	61	19.1	28.4	10.95	1.1424	1328	3	100.0	60
20/09/26	3:00	26.3	26.4	26.2	100	26.3	0.4	N	1.61	1.3	N	26.3	31.1	31.1	1006.3	0.00	0.0	0.000	0.331	27.3	61	19.1	28.4	10.95	1.1416	1331	3	100.0	60
20/09/26	4:00	26.0	26.4	26.0	100	26.0	0.0	---	0.00	0.0	---	26.0	30.4	30.4	1006.6	0.00	0.0	0.000	0.319	27.4	62	19.5	28.7	11.12	1.1409	1334	3	100.0	60
20/09/26	5:00	26.3	26.6	26.0	100	26.3	0.4	NE	1.61	1.3	NE	26.3	31.1	31.1	1006.5	0.00	0.0	0.000	0.331	27.4	62	19.5	28.7	11.12	1.1409	1329	3	100.0	60
20/09/26	6:00	26.3	26.4	26.0	100	26.3	0.4	NW	1.61	1.8	NNW	26.3	31.1	31.1	1006.6	0.00	0.0	0.000	0.331	27.4	62	19.5	28.7	11.12	1.1412	1332	3	100.0	60
20/09/26	7:00	26.8	26.8	26.3	99	26.6	0.4	ENE	1.61	1.8	NE	26.8	32.4	32.4	1007.0	0.00	0.0	0.000	0.352	27.3	61	19.1	28.4	10.95	1.1424	1328	3	100.0	60
20/09/26	8:00	26.8	26.9	26.7	99	26.7	0.4	ENE	1.61	1.8	ENE	26.8	32.6	32.6	1007.7	0.00	0.0	0.000	0.354	27.3	60	18.9	28.3	10.75	1.1436	1336	3	100.0	60
20/09/26	9:00	29.1	29.1	26.8	93	27.9	0.0	NE	0.00	1.3	NE	29.1	38.5	38.5	1008.5	0.00	0.0	0.000	0.449	27.4	56	17.8	28.1	10.05	1.1460	1328	3	100.0	60
20/09/26	10:00	29.6	29.9	28.9	89	27.6	0.4	S	1.61	3.1	WSW	29.6	39.1	39.1	1008.8	0.00	0.0	0.000	0.470	27.3	54	17.2	27.8	9.75	1.1477	1332	3	100.0	60
20/09/26	11:00	30.4	30.4	29.6	85	27.6	1.3	WSW	4.83	3.6	WSW	30.4	40.7	40.7	1008.6	0.00	0.0	0.000	0.505	27.6	60	19.1	28.7	10.75	1.1433	1332	3	100.0	60
20/09/26	12:00	30.6	31.1	30.4	83	27.4	1.8	WNW	6.44	6.3	W	30.6	40.6	40.6	1008.2	0.00	0.0	0.000	0.512	27.7	56	18.1	28.5	10.05	1.1439	1330	3	100.0	60
20/09/26	13:00	26.6	30.6	26.6	95	25.7	2.7	W	9.66	6.3	NW	26.6	31.2	31.2	1008.4	2.20	9.2	0.000	0.345	27.7	60	19.2	28.9	10.75	1.1424	1329	3	100.0	60
20/09/26	14:00	25.6	26.6	25.6	99	25.4	1.8	NNW	6.44	5.8	N	25.6	29.3	29.3	1007.6	0.40	1.4	0.000	0.303	27.6	61	19.4	28.8	10.95	1.1419	1334	3	100.0	60
20/09/26	15:00	25.6	25.7	25.4	100	25.6	0.9	SE	3.22	3.6	SE	25.6	29.4	29.4	1006.1	1.20	3.6	0.000	0.303	27.4	63	19.7	28.8	11.32	1.1402	1333	3	100.0	60
20/09/26	16:00	25.7	25.8	25.4	100	25.7	0.9	SE	3.22	2.7	ESE	25.7	29.6	29.6	1006.3	0.40	1.2	0.000	0.306	27.3	63	19.7	28.7	11.33	1.1408	1333	3	100.0	60
20/09/26	17:00	25.9	26.1	25.6	100	25.9	0.4	ESE	1.61	1.8	ESE	25.9	30.2	30.2	1005.9	0.20	0.0	0.000	0.317	27.3	63	19.6	28.6	11.33	1.1405	1330	3	100.0	60
20/09/26	18:00	26.1	26.3	25.9	100	26.1	0.4	ENE	1.61	2.2	E	26.1	30.5	30.5	1006.2	0.00	0.0	0.000	0.322	27.3	63	19.7	28.7	11.33	1.1407	1331	3	100.0	60
20/09/26	19:00	25.9	26.1	25.8	100	25.9	0.9	ENE	3.22	2.7	E	25.9	30.1	30.1	1006.5	0.40	0.8	0.000	0.315	27.2	62	19.3	28.4	11.13	1.1420	1329	3	100.0	60
20/09/26	20:00	25.8	26.0	25.8	100	25.8	0.0	---	0.00	0.0	---	25.8	29.9	29.9	1007.4	0.00	0.0	0.000	0.313	27.2	64	19.8	28.6	11.53	1.1421	1332	3	100.0	60
20/09/26	21:00	25.6	25.8	25.6	100	25.6	0.4	N	1.61	1.3	N	25.6	29.3	29.3	1008.0	0.00	0.0	0.000	0.301	27.3	64	19.9	28.7	11.53	1.1426	1332	3	100.0	60
20/09/26	22:00	25.6	25.8	25.5	100	25.6	0.4	N	1.61	1.3	NNW	25.6	29.4	29.4	1008.8	0.00	0.0	0.000	0.303	27.2	64	19.8	28.6	11.53	1.1438	1332	3	100.0	60
20/09/26	23:00	25.2	25.9	25.2	100	25.2	0.9	NNW	3.22	8.5	WNW	25.2	28.4	28.4	1009.7	0.20	0.0	0.000	0.285	27.4	65	20.3	29.1	11.72	1.1433	1335	3	100.0	60
21/09/26	00:00	25.1	25.2	24.8	99	24.9	4.0	WNW	14.48	8.5	WNW	24.4	28.0	27.3	1009.2	0.60	4.6	0.000	0.280	27.4	65	20.3	29.1	11.72	1.1427	1327	3	100.0	60
21/09/26	1:00	24.8	25.1	24.6	97	24.3	1.8	WNW	6.44	5.4	W	24.8	27.3	27.3	1008.3	0.00	0.0	0.000	0.269	27.2	63	19.6	28.5	11.33	1.1436	1325	3	100.0	60
21/09/26	2:00	24.8	25.1	24.6	98	24.4	0.9	NW	3.22	2.2	NNE	24.8	27.4	27.4	1007.3	0.00	0.0	0.000	0.269	27.2	62	19.3	28.4	11.13	1.1429	1331	3	100.0	60
21/09/26	3:00	24.6	24.8	24.6	99	24.4	0.9	W	3.22	2.7	W	24.6	27.1	27.1	1006.6	0.00	0.0	0.000	0.262	27.2	64	19.8	28.6	11.53	1.1415	1335	3	100.0	60
21/09/26	4:00	24.6	24.8	24.6	99	24.4	0.4	ENE	1.61	1.8	ENE	24.6	27.1	27.1	1006.2	0.00	0.0	0.000	0.262	27.2	62	19.3	28.4	11.13	1.1417	1331	3	100.0	60
21/09/26	5:00	24.6	24.8	24.6	100	24.6	0.4	NE	1.61	1.8	ENE	24.6	27.1	27.1	1006.0	0.00	0.0	0.000	0.259	27.2	62	19.3	28.4	11.13	1.1414	1332	3	100.0	60
21/09/26	6:00	24.5	24.6	24.4	100	24.5	0.4	ENE	1.61	1.8	ENE	24.5	27.0	27.0	1006.1	0.00	0.0	0.000	0.257	27.2	62	19.3	28.3	11.13	1.1418	1332	3	100.0	60
21/09/26	7:00	24.2	24.6	24.2	100	24.2	0.0	NE	0.00	1.3	N	24.2	26.4	26.4	1006.5	0.00	0.0	0.000	0.243	27.2	63	19.6	28.5	11.33	1.1415	1328	3	100.0	60
21/09/26	8:00	24.2	24.2	23.8	100	24.2	0.4	NNW	1.61	1.3	NNW	24.2	26.5	26.5	1007.1	0.00	0.0	0.000	0.245	27.1	63	19.4	28.2	11.34	1.1432	1334	3	100.0	60
21/09/26	9:00	26.6	26.6	24.2	96	25.9	0.0	NW	0.00	0.9	ENE	26.6	31.3	31.3	1007.9	0.00	0.0	0.000	0.343	27.2	61	19.0	28.2	10.95	1.1443	1330	3	100.0	60
21/09/26	10:00	27.8	27.8	26.6	93	26.6	0.4	SE	1.61	2.7	NE	27.8	34.3	34.3	1008.3	0.00	0.0	0.000	0.396	27.2	57	18.0	27.9	10.17	1.1462	1336	3	100.0	60
21/09/26	11:00	28.2	28.2	27.2	96	27.5	0.9	NE	3.22	3.6	ENE	28.2	36.1	36.1	1008.0	1.00	35.0	0.000	0.410	27.4	62	19.5	28.7	11.12	1.1425	1329	3	100.0	60
21/09/26	12:00	30.2	30.3	28.2	85	27.4	0.9	NE	3.22	3.1	NE	30.2	40.0	40.0	1007.0	0.00	0.0	0.000	0.495	27.7	62	19.7	29.1	11.11	1.1402	1331	3	100.0	60
21/09/26	13:00	31.4	31.6	30.3	80	27.6	2.7	NW	9.66	6.7	NW	31.4	42.3	42.3	1006.1	0.00	0.0	0.000	0.546	27.6	64	20.2	29.3	11.52	1.1386	1331	3	100.0	60
21/09/26	14:00	31.8	31.9	31.2	78	27.5	3.6	WNW	12.87	6.7	NW	31.8	42.9	42.9	1004.9	0.00	0.0	0.000	0.563	27.7	62	19.7	29.1	11.11	1.1377	1333	3	100.0	60
21/09/26	15:00	31.6	32.0	31.3	75	26.6	4.0	WNW	14.48	7.6	WNW	31.6	41.1	41.0	1003.6	0.00	0.0	0.000	0.553	27.7	62	19.7	29.1	11.11	1.1362	1333	3	100.0	60
21/09/26	16:00	31.4	31.7	31.2	77	26.9	4.0	WNW	14.48	8.5	W	31.3	41.1	41.0	1002.6	0.00	0.0	0.000	0.544	27.6	61	19.4	28.9	10.95	1.1358	1331	3	100.0	60
21/09/26	17:00	30.9	31.4	30.9	79	26.8	4.0	WNW	14.48	7.2	WNW	30.7	40.2	40.0	1002.3	0.00	0.0	0.000	0.523	27.8	62	19.8	29.3	11.11	1.1342	1334	3	100.0	60
21/09/26	18:00	29.9	30.9	29.9	85	27.1	2.7	NW	9.66	5.4	WNW	29.9	38.9	38.9	1002.7	0.00	0.0	0.000	0.481	27.8	57	18.5	28.8	10.19	1.1365	1333	3	100.0	60
21/09/26	19:00	29.1	29.9	29.1	89	27.1	1.8	NW	6.44	4.0	NW	29.1	37.2	37.2	1004.0	0.00	0.0	0.000	0.447	27.7	59	19.0	28.8	10.55	1.1377	1335	3	100.0	60
21/09/26	20:00	26.8	29.1	26.8	99	26.7	2.2	NE	8.05	7.2	NW	26.8	32.6	32.6	1005.9	4.60	129.4	0.000	0.354	27.6	62	19.6	28.9	11.12	1.1396	1330	3	100.0	60
21/09/26	21:00	24.4	26.8	24.3	100	24.4	2.2	NE	8.05	8.5	NW	24.4	26.9	26.9	1006.6	18.00	177.2	0.000	0.255	27.5	62	19.6	28.8	11.12	1.1407	1331	3	100.0	60
21/09/26	22:00	24.8	24.8	24.3	100	24.8	1.8	ENE	6.44	4.0	ENE	24.8	27.7	27.7	1007.4	2.00	3.4	0.000	0.271	27.3	62	19.4	28.6	11.13	1.1424	1334	3	100.0	60
21/09/26	23:00	24.9	25.1	24.8	100	24.9	0.4	ENE	1.61	3.6	NNE	24.9	27.8	27.8	1007.8	1.60	3.4	0.000	0.273	27.4	62	19.5	28.7	11.12	1.1426	1325	3	100.0	60
22/09/26	00:00	24.5	24.9	24.4	100	24.5	0.4	NNW	1.61	1.8	N	24.5	27.0	27.0	1007.1	0.20	0.0	0.000	0.257	27.3	61	19.1	28.4	10.95	1.1425	1334	3	100.0	60
22/09/26	1:00	24.2	24.5	24.2	100	24.2	0.4	NNW	1.61	1.8	NNE	24.2	26.5	26.5	1006.2	0.00	0.0	0.000	0.245	27.2	61	19.0	28.2	10.95	1.1424	1336	3	100.0	60
22/09/26	2:00	24.4	24.5	24.2	100	24.4	0.4	NNW	1.61	1.3	NNW	24.4	26.9	26.9	1005.9	0.00	0.0	0.000	0.255	27.1	61	18.9	28.0	10.95	1.1426	1333	3	100.0	60
22/09/26	3:00	24.6	24.6	24.4	100	24.6	0.9	NNW	3.22	3.6	NNE	24.6	27.2	27.2	1005.0	0.20	0.0	0.000	0.262	27.2	61	19.0	28.2	10.95	1.1410	1333	3	100.0	60
22/09/26	4:00	24.8	24.8	24.6	100	24.8	0.9	N	3.22	2.2	NNE	24.8	27.6	27.6	1004.6	0.00	0.0	0.000	0.269	27.2	62	19.3	28.4	11.13	1.1398	1329	3	100.0	60
22/09/26	5:00	25.1	25.1	24.8	100	25.1	1.3	NE	4.83	4.5	NE	25.1	28.1	28.1	1004.6	0.00	0.0	0.000	0.280	27.3	62	19.4	28.5	11.13	1.1395	1331	3	100.0	60
22/09/26	6:00	25.1	25.2	25.1	100	25.1	1.8	NE	6.44	5.4	NE	25.1	28.3	28.3	1005.4	0.00	0.0	0.000	0.282	27.3	62	19.4	28.5	11.13	1.1404	1334	3	100.0	60
22/09/26	7:00	25.0	25.2	24.9	100	25.0	2.2	NE	8.05	5.8	NE	25.0	28.0	28.0	1005.6	0.40	1.2	0.000	0.278	27.3	62	19.4	28.5	11.13	1.1406	1326	3	100.0	60
22/09/26	8:00	24.9	25.1	24.9	100	24.9	0.4	NE	1.61	2.7	NE	24.9	27.9	27.9	1005.2	0.20	1.2	0.000	0.275	27.2	61	19.0	28.3	10.95	1.1408	1329	3	100.0	60
22/09/26	9:00	25.4	25.4	24.9	100	25.4	0.4	W	1.61	1.8	WSW	25.4	28.9	28.9	1006.2	0.20	0.0	0.000	0.294	27.3	63	19.7	28.7	11.33	1.1406	1328	3	100.0	60
22/09/26	10:00	26.8	26.8	25.3	97	26.3	0.9	ENE	3.22	3.6	E	26.8	32.1	32.1	1007.3	0.00	0.0	0.000	0.352	27.3	59	18.6	28.3	10.55	1.1436	1328	3	100.0	60
22/09/26	11:00	27.6	27.6	26.7	93	26.3	1.3	W	4.83	4.5	W	27.6	33.5	33.5	1006.9	0.00	0.0	0.000	0.384	27.5	59	18.8	28.5	10.55	1.1422	1333	3	100.0	60
22/09/26	12:00	28.9	29.4	27.5	88	26.7	2.2	NW	8.05	6.3	NNE	28.9	36.4	36.4	1006.4	0.00	0.0	0.000	0.440	27.6	56	18.0	28.4	10.05	1.1424	1323	3	100.0	60
22/09/26	13:00	30.6	30.7	28.8	82	27.1	2.7	NE	9.66	6.3	NNE	30.6	40.1	40.1	1005.6	0.00	0.0	0.000	0.509	27.4	54	17.3	28.0	9.75	1.1431	1328	3	100.0	60
22/09/26	14:00	31.2	31.3	30.5	80	27.3	3.1	NE	11.27	6.7	NE	31.2	41.4	41.4	1003.8	0.00	0.0	0.000	0.535	27.3	60	18.8	28.2	10.75	1.1394	1329	3	100.0	60
22/09/26	15:00	31.5	32.1	31.1	79	27.4	3.1	NE	11.27	7.2	NE	31.5	42.2	42.2	1002.2	0.00	0.0	0.000	0.549	27.3	60	18.8	28.2	10.75	1.1375	1328	3	100.0	60
22/09/26	16:00	32.3	32.5	31.6	78	28.0	3.1	NE	11.27	7.6	NE	32.3	44.7	44.7	1001.3	0.00	0.0	0.000	0.583	27.4	60	19.0	28.5	10.75	1.1356	1326	3	100.0	60
22/09/26	17:00	32.3	32.7	31.9	79	28.2	2.7	NE	9.66	5.8	NNE	32.3	45.1	45.1	1001.2	0.00	0.0	0.000	0.583	27.3	60	18.9	28.3	10.75	1.1361	1333	3	100.0	60
22/09/26	18:00	32.1	32.4	31.5	79	28.0	1.8	NE	6.44	4.5	NE	32.1	44.1	44.1	1001.7	0.00	0.0	0.000	0.572	27.4	54	17.3	28.0	9.75	1.1386	1323	3	100.0	60
22/09/26	19:00	30.3	32.2	30.3	84	27.3	1.3	NNW	4.83	3.6	NNW	30.3	40.1	40.1	1002.2	0.00	0.0	0.000	0.500	27.3	56	17.8	28.0	10.05	1.1390	1330	3	100.0	60
22/09/26	20:00	28.8	30.3	28.8	89	26.8	0.9	NNW	3.22	2.2	N	28.8	36.5	36.5	1003.4	0.00	0.0	0.000	0.438	27.6	59	18.8	28.6	10.55	1.1379	1333	3	100.0	60
22/09/26	21:00	27.1	29.3	26.9	93	25.9	2.2	ESE	8.05	6.7	ESE	27.1	32.2	32.2	1004.4	0.20	0.0	0.000	0.366	27.4	62	19.5	28.7	11.12	1.1384	1325	3	100.0	60
22/09/26	22:00	26.8	27.1	26.7	98	26.5	0.4	WSW	1.61	2.2	WNW	26.8	32.4	32.4	1005.6	0.00	0.0	0.000	0.354	27.5	64	20.1	29.1	11.52	1.1387	1329	3	100.0	60
22/09/26	23:00	27.6	27.6	26.8	97	27.0	1.3	W	4.83	5.4	WNW	27.6	34.3	34.3	1006.0	0.00	0.0	0.000	0.384	27.4	62	19.5	28.7	11.12	1.1402	1330	3	100.0	60
23/09/26	00:00	27.1	27.7	27.1	96	26.4	2.7	WNW	9.66	5.8	NW	27.1	32.8	32.8	1006.1	0.00	0.0	0.000	0.366	27.3	60	18.9	28.3	10.75	1.1418	1331	3	100.0	60
23/09/26	1:00	25.8	27.1	25.7	100	25.8	1.8	S	6.44	4.9	SSE	25.8	29.8	29.8	1005.7	0.00	0.0	0.000	0.310	27.2	62	19.3	28.4	11.13	1.1411	1332	3	100.0	60
23/09/26	2:00	25.5	25.8	25.4	100	25.5	1.3	W	4.83	3.6	NW	25.5	29.2	29.2	1004.5	10.40	98.4	0.000	0.299	27.2	61	19.0	28.2	10.95	1.1404	1332	3	100.0	60
23/09/26	3:00	25.2	25.6	25.1	100	25.2	0.4	WNW	1.61	1.8	WSW	25.2	28.4	28.4	1003.8	0.00	0.0	0.000	0.285	27.2	61	19.0	28.3	10.95	1.1393	1330	3	100.0	60
23/09/26	4:00	25.3	25.4	25.1	100	25.3	0.4	W	1.61	1.8	NNE	25.3	28.8	28.8	1003.5	0.00	0.0	0.000	0.292	27.2	62	19.3	28.4	11.13	1.1385	1336	3	100.0	60
23/09/26	5:00	25.3	25.4	25.2	100	25.3	0.4	SSW	1.61	1.3	SSW	25.3	28.7	28.7	1003.1	0.00	0.0	0.000	0.289	27.2	61	19.0	28.2	10.95	1.1388	1331	3	100.0	60
23/09/26	6:00	25.2	25.3	25.1	100	25.2	0.0	---	0.00	0.0	---	25.2	28.5	28.5	1003.7	0.00	0.0	0.000	0.287	27.2	61	19.0	28.2	10.95	1.1394	1334	3	100.0	60
23/09/26	7:00	25.4	25.6	25.2	100	25.4	0.0	W	0.00	0.9	W	25.4	28.9	28.9	1003.7	0.00	0.0	0.000	0.294	27.2	62	19.3	28.4	11.13	1.1387	1326	3	100.0	60
23/09/26	8:00	25.9	26.0	25.4	100	25.9	0.0	---	0.00	0.0	---	25.9	30.2	30.2	1004.4	0.00	0.0	0.000	0.317	27.3	63	19.7	28.7	11.33	1.1386	1327	3	100.0	60
23/09/26	9:00	27.3	27.3	25.9	97	26.8	1.3	NNW	4.83	4.5	NNW	27.3	33.7	33.7	1004.8	0.00	0.0	0.000	0.375	27.3	60	18.9	28.3	10.75	1.1403	1331	3	100.0	60
23/09/26	10:00	28.8	28.8	27.3	92	27.3	0.9	SE	3.22	3.6	N	28.8	37.1	37.1	1005.5	0.00	0.0	0.000	0.435	27.2	56	17.7	27.8	10.05	1.1433	1330	3	100.0	60
23/09/26	11:00	30.4	30.4	28.7	86	27.8	3.6	NE	12.87	8.5	NE	30.4	41.1	41.0	1005.4	0.00	0.0	0.000	0.505	27.2	55	17.3	27.7	9.85	1.1439	1327	3	100.0	60
23/09/26	12:00	29.5	30.6	29.1	88	27.3	2.7	NE	9.66	6.7	ENE	29.5	38.4	38.4	1005.2	0.00	0.0	0.000	0.465	27.6	58	18.6	28.6	10.35	1.1401	1331	3	100.0	60
23/09/26	13:00	29.0	30.0	28.8	92	27.6	2.2	NE	8.05	5.4	NE	29.0	37.8	37.8	1004.7	0.40	1.6	0.000	0.444	27.6	57	18.3	28.4	10.18	1.1400	1333	3	100.0	60
23/09/26	14:00	29.9	30.0	29.0	85	27.1	2.2	NE	8.05	4.5	NNE	29.9	39.1	39.1	1003.4	0.00	0.0	0.000	0.484	27.6	56	18.0	28.3	10.05	1.1392	1330	3	100.0	60
23/09/26	15:00	30.9	30.9	29.9	82	27.5	1.3	ENE	4.83	3.6	ENE	30.9	41.2	41.2	1002.4	0.00	0.0	0.000	0.523	27.6	55	17.8	28.3	9.85	1.1381	1330	3	100.0	60
23/09/26	16:00	32.0	32.1	30.8	78	27.7	0.9	ESE	3.22	4.0	ENE	32.0	43.5	43.5	1001.6	0.00	0.0	0.000	0.569	27.4	58	18.4	28.3	10.35	1.1368	1331	3	100.0	60
23/09/26	17:00	29.2	32.1	29.2	85	26.4	1.8	NE	6.44	8.5	E	29.2	36.8	36.8	1001.6	0.00	0.0	0.000	0.454	27.5	54	17.4	28.1	9.75	1.1382	1334	3	100.0	60
23/09/26	18:00	27.6	29.2	26.8	92	26.1	2.2	SE	8.05	8.5	E	27.6	33.3	33.3	1002.0	0.00	0.0	0.000	0.384	27.5	61	19.3	28.7	10.95	1.1357	1332	3	100.0	60
23/09/26	19:00	27.8	28.7	27.6	96	27.1	0.9	ESE	3.22	2.2	ENE	27.8	34.8	34.8	1002.6	0.00	0.0	0.000	0.394	27.4	61	19.3	28.6	10.95	1.1368	1331	3	100.0	60
23/09/26	20:00	28.0	28.0	27.4	94	26.9	0.4	SSW	1.61	2.2	S	28.0	35.1	35.1	1003.3	0.00	0.0	0.000	0.403	27.4	62	19.5	28.7	11.12	1.1374	1336	3	100.0	60
23/09/26	21:00	27.0	28.2	26.9	97	26.5	0.0	S	0.00	1.3	SSE	27.0	32.7	32.7	1004.4	0.00	0.0	0.000	0.361	27.3	62	19.4	28.6	11.13	1.1389	1334	3	100.0	60
23/09/26	22:00	27.3	27.3	26.9	98	27.0	0.0	SSE	0.00	1.8	SSW	27.3	33.8	33.8	1004.9	0.00	0.0	0.000	0.375	27.3	63	19.7	28.7	11.33	1.1391	1327	3	100.0	60
23/09/26	23:00	26.9	27.3	26.7	100	26.9	0.4	SSE	1.61	1.8	SSE	26.9	32.9	32.9	1005.1	0.00	0.0	0.000	0.356	27.4	63	19.8	28.8	11.32	1.1388	1333	3	100.0	60
24/09/26	00:00	26.8	27.2	26.8	99	26.7	0.0	WNW	0.00	0.9	WNW	26.8	32.6	32.6	1005.2	0.00	0.0	0.000	0.354	27.3	59	18.6	28.3	10.55	1.1411	1336	3	100.0	60
24/09/26	1:00	26.7	26.9	26.4	97	26.2	0.9	NW	3.22	1.8	NNE	26.7	31.7	31.7	1004.7	0.00	0.0	0.000	0.347	27.3	61	19.1	28.4	10.95	1.1400	1329	3	100.0	60
24/09/26	2:00	27.1	27.4	26.7	95	26.2	0.4	NE	1.61	3.6	N	27.1	32.5	32.5	1003.7	0.00	0.0	0.000	0.363	27.3	60	18.8	28.2	10.75	1.1393	1334	3	100.0	60
24/09/26	3:00	25.3	27.2	25.2	99	25.1	2.2	WNW	8.05	5.8	W	25.3	28.5	28.5	1002.9	0.80	3.0	0.000	0.289	27.5	66	20.6	29.3	11.92	1.1346	1322	3	100.0	60
24/09/26	4:00	24.1	25.3	24.1	98	23.8	1.8	WNW	6.44	5.8	NE	24.1	26.2	26.2	1003.3	13.40	82.2	0.000	0.241	27.3	62	19.4	28.6	11.13	1.1377	1332	3	100.0	60
24/09/26	5:00	23.3	24.1	23.2	100	23.3	1.3	NNW	4.83	7.2	N	23.3	25.0	25.0	1003.1	12.40	92.2	0.000	0.206	27.2	62	19.3	28.4	11.13	1.1380	1330	3	100.0	60
24/09/26	6:00	23.6	23.6	23.3	100	23.6	2.7	NE	9.66	5.8	ENE	23.6	25.4	25.4	1003.5	3.40	7.0	0.000	0.218	27.1	63	19.4	28.2	11.34	1.1390	1325	3	100.0	60
24/09/26	7:00	23.8	23.8	23.6	100	23.8	0.9	NNW	3.22	4.9	NE	23.8	25.8	25.8	1003.6	2.20	7.0	0.000	0.227	27.0	63	19.4	28.2	11.34	1.1394	1318	3	100.0	60
24/09/26	8:00	23.7	23.8	23.6	100	23.7	0.4	WNW	1.61	1.8	WNW	23.7	25.7	25.7	1004.9	0.60	0.0	0.000	0.225	27.1	64	19.7	28.4	11.53	1.1399	1327	3	100.0	60
24/09/26	9:00	24.1	24.1	23.7	100	24.1	0.9	NW	3.22	2.2	NW	24.1	26.2	26.2	1005.4	0.00	0.0	0.000	0.238	27.1	62	19.1	28.1	11.14	1.1416	1331	3	100.0	60
24/09/26	10:00	25.6	25.6	24.0	98	25.3	0.4	NE	1.61	2.7	NE	25.6	29.2	29.2	1005.8	0.00	0.0	0.000	0.303	27.1	61	18.9	28.0	10.95	1.1424	1331	3	100.0	60
24/09/26	11:00	26.8	27.1	25.6	92	25.4	0.9	NNW	3.22	3.1	NNE	26.8	31.2	31.2	1006.1	0.00	0.0	0.000	0.352	27.2	60	18.8	28.2	10.75	1.1424	1316	3	100.0	60
24/09/26	12:00	25.8	26.8	25.8	95	24.9	1.3	NNW	4.83	4.9	NNW	25.8	29.2	29.2	1005.7	0.60	1.0	0.000	0.310	27.2	61	19.0	28.2	10.95	1.1418	1332	3	100.0	60
24/09/26	13:00	26.7	26.7	25.8	95	25.9	0.4	NW	1.61	2.2	NNE	26.7	31.6	31.6	1004.9	0.20	0.8	0.000	0.350	27.3	61	19.1	28.4	10.95	1.1399	1330	3	100.0	60
24/09/26	14:00	27.6	27.6	26.7	91	26.0	0.9	WNW	3.22	3.6	NW	27.6	33.1	33.1	1003.6	0.00	0.0	0.000	0.384	27.4	62	19.5	28.7	11.12	1.1378	1268	3	97.4	60
24/09/26	15:00	27.8	27.8	27.5	92	26.4	1.8	NW	6.44	3.6	NNW	27.8	33.9	33.9	1002.4	0.00	0.0	0.000	0.394	27.5	62	19.6	28.8	11.12	1.1358	1190	3	91.4	60
24/09/26	16:00	27.9	28.2	27.8	91	26.3	1.8	NW	6.44	4.0	N	27.9	34.2	34.2	1001.4	0.00	0.0	0.000	0.400	27.6	61	19.4	28.8	10.95	1.1348	1328	3	100.0	60
24/09/26	17:00	27.6	28.0	27.6	92	26.1	1.8	WNW	6.44	3.6	NW	27.6	33.3	33.3	1001.5	0.00	0.0	0.000	0.384	27.6	62	19.6	28.9	11.12	1.1345	1330	3	100.0	60
24/09/26	18:00	27.4	27.6	27.3	93	26.2	1.8	NW	6.44	3.6	NW	27.4	33.0	33.0	1002.0	0.00	0.0	0.000	0.377	27.6	64	20.2	29.3	11.52	1.1339	1329	3	100.0	60
24/09/26	19:00	27.2	27.4	27.1	94	26.1	0.9	WNW	3.22	2.7	WNW	27.2	32.6	32.6	1002.3	0.00	0.0	0.000	0.368	27.6	63	19.9	29.1	11.32	1.1349	1331	3	100.0	60
24/09/26	20:00	27.2	27.2	26.9	95	26.3	0.4	NNW	1.61	1.3	NNW	27.2	32.8	32.8	1002.6	0.00	0.0	0.000	0.368	27.4	62	19.5	28.7	11.12	1.1363	1333	3	100.0	60
24/09/26	21:00	26.6	27.2	26.6	95	25.7	0.9	NW	3.22	2.2	NW	26.6	31.1	31.1	1003.4	0.00	0.0	0.000	0.343	27.4	62	19.5	28.7	11.12	1.1375	1324	3	100.0	60
24/09/26	22:00	26.6	27.1	26.6	93	25.4	1.3	NW	4.83	3.6	WNW	26.6	30.9	30.9	1004.9	0.00	0.0	0.000	0.345	27.4	63	19.7	28.8	11.32	1.1388	1331	3	100.0	60
24/09/26	23:00	25.1	26.6	25.1	98	24.8	2.7	NW	9.66	8.0	NW	25.1	28.1	28.1	1004.9	0.20	0.0	0.000	0.282	27.4	63	19.7	28.8	11.32	1.1388	1333	3	100.0	60
25/09/26	00:00	24.8	25.2	24.8	100	24.8	4.0	NW	14.48	8.0	NW	24.2	27.7	27.0	1004.9	1.80	16.2	0.000	0.271	27.5	63	19.8	28.9	11.32	1.1383	1328	3	100.0	60
25/09/26	1:00	24.8	24.8	24.8	100	24.8	1.8	NW	6.44	5.8	NW	24.8	27.6	27.6	1004.2	2.80	32.8	0.000	0.269	27.2	61	19.0	28.2	10.95	1.1401	1334	3	100.0	60
25/09/26	2:00	24.5	24.8	24.5	100	24.5	0.9	NW	3.22	4.0	NW	24.5	27.0	27.0	1003.2	3.20	33.0	0.000	0.257	27.1	61	18.9	28.0	10.95	1.1394	1328	3	100.0	60
25/09/26	3:00	24.3	24.6	24.3	100	24.3	1.3	NNW	4.83	4.5	NW	24.3	26.7	26.7	1002.2	6.40	9.4	0.000	0.250	27.2	63	19.6	28.5	11.33	1.1366	1328	3	100.0	60
25/09/26	4:00	24.6	24.7	24.3	100	24.6	4.0	WNW	14.48	9.8	WNW	23.8	27.1	26.4	1001.7	3.00	4.8	0.000	0.259	27.3	65	20.2	28.9	11.73	1.1345	1332	3	100.0	60
25/09/26	5:00	24.9	24.9	24.4	100	24.9	4.9	WNW	17.70	9.8	WNW	23.6	27.8	26.5	1001.6	0.80	2.6	0.000	0.273	27.4	67	20.8	29.4	12.12	1.1330	1335	3	100.0	60
25/09/26	6:00	25.1	25.1	24.9	100	25.1	4.5	WNW	16.09	8.9	NW	24.0	28.1	27.1	1001.9	2.00	3.2	0.000	0.280	27.4	65	20.2	29.0	11.72	1.1345	1327	3	100.0	60
25/09/26	7:00	25.0	25.2	25.0	100	25.0	4.0	WNW	14.48	7.6	W	24.3	28.0	27.3	1002.0	1.40	5.2	0.000	0.278	27.4	66	20.5	29.2	11.92	1.1339	1332	3	100.0	60
25/09/26	8:00	24.6	25.1	24.5	100	24.6	6.7	WNW	24.14	13.0	NW	22.6	27.1	25.1	1002.5	8.60	61.6	0.000	0.259	27.6	66	20.6	29.4	11.92	1.1339	1331	3	100.0	60
25/09/26	9:00	24.6	24.7	24.4	100	24.6	5.4	WNW	19.31	12.1	WNW	23.1	27.2	25.7	1003.4	6.60	24.8	0.000	0.262	27.6	68	21.1	29.7	12.32	1.1340	1330	3	100.0	60
25/09/26	10:00	24.6	24.8	24.4	100	24.6	6.3	WNW	22.53	14.3	WNW	22.7	27.1	25.2	1004.3	12.40	30.6	0.000	0.259	27.4	66	20.5	29.2	11.92	1.1365	1326	3	100.0	60
25/09/26	11:00	24.4	24.6	24.1	100	24.4	6.3	WNW	22.53	14.3	WNW	22.6	26.9	25.0	1004.6	13.80	28.4	0.000	0.255	27.5	67	20.8	29.5	12.12	1.1362	1329	3	100.0	60
